1;5366
2;5386
3;5089
4;5936
5;5656
6;5428
7;5700
8;6055
9;5619
10;6131
11;6510
12;6102
13;6440
14;6311
15;6356
16;6682
17;6635
18;6636
19;4051
20;4304
21;5762
22;5930
23;5582
24;5512
25;6050
26;5513
27;5948
28;5783
29;6067
30;5439
31;6455
32;6171
33;6208
34;6188
35;6727
36;6525
37;6418
38;7490
39;6829
40;7948
41;7407
42;7760
43;7871
44;8432
45;8392
46;4023
47;12046
48;12317
49;12479
50;12468
51;12501
52;12519
53;12579
54;12779
55;12730
56;12591
57;12722
58;12956
59;12820
60;12993
61;12994
62;13081
63;13875
64;13803
65;13825
66;13662
67;13926
68;14143
69;14017
70;14099
71;14094
72;14086
73;14243
74;14356
75;14206
76;14231
77;14336
78;14424
79;14338
80;14493
81;14479
82;14401
83;14363
84;14561
85;14488
86;14476
87;14590
88;14508
89;14553
90;14624
91;14633
92;14647
93;14686
94;14669
95;14697
96;14678
97;14761
98;14754
99;14776
100;14787
101;14792
102;12746
103;12855
104;12888
105;13156
106;13202
107;13099
108;13490
109;13235
110;13078
111;13769
112;13757
113;13601
114;13489
115;13652
116;13411
117;13373
118;13768
119;13831
120;13712
121;13602
122;13815
123;13816
124;13727
125;13868
126;13922
127;14127
128;14077
129;14141
130;14131
131;14069
132;13856
133;13957
134;14070
135;14330
136;14049
137;14290
138;14235
139;14237
140;14200
141;14212
142;14416
143;14403
144;14340
145;14294
146;14263
147;14358
148;14325
149;14288
150;14577
151;14584
152;14526
153;14543
154;14670
155;14587
156;14726
157;9320
158;2998
159;2895
160;2780
161;3074
162;2849
163;3225
164;7894
165;8229
166;8285
167;8125
168;8426
169;8501
170;8576
171;11885
172;2230
173;2325
174;10139
175;10223
176;10362
177;10436
178;10803
179;9665
180;9970
181;9747
182;9921
183;10119
184;9801
185;10074
186;7912
187;7791
188;7606
189;9242
190;12569
191;12621
192;12742
193;12838
194;12856
195;13086
196;13190
197;12927
198;13079
199;13211
200;13299
201;13225
202;13197
203;13390
204;13547
205;11225
206;11114
207;11348
208;11430
209;11875
210;11357
211;11662
212;11663
213;11708
214;11609
215;11800
216;11620
217;11744
218;11837
219;11611
220;11777
221;11956
222;12061
223;11869
224;11933
225;12058
226;12286
227;12103
228;12294
229;12232
230;12378
231;12167
232;12096
233;12132
234;12185
235;12315
236;12053
237;12288
238;12334
239;12178
240;12530
241;12424
242;12498
243;12426
244;12589
245;12544
246;12457
247;12491
248;12411
249;12513
250;12369
251;12682
252;12763
253;12510
254;12562
255;12714
256;12631
257;12594
258;12778
259;12609
260;12847
261;12795
262;13038
263;12783
264;12803
265;12700
266;12688
267;12925
268;12683
269;12979
270;12971
271;13094
272;13025
273;13174
274;13088
275;12923
276;12955
277;12984
278;13152
279;13054
280;13246
281;13421
282;13447
283;13213
284;13307
285;13362
286;13394
287;13221
288;13294
289;13422
290;13625
291;13565
292;13636
293;13509
294;13675
295;13450
296;13557
297;13643
298;13698
299;13612
300;13576
301;13849
302;13772
303;13732
304;13919
305;13734
306;13843
307;13748
308;13709
309;14039
310;13928
311;14130
312;13997
313;14321
314;14220
315;14149
316;14253
317;14373
318;9855
319;8563
320;7959
321;8749
322;8655
323;8310
324;8790
325;8791
326;8821
327;9351
328;9282
329;8969
330;9386
331;9955
332;11062
333;3963
334;3791
335;3978
336;4039
337;3885
338;13426
339;13648
340;13528
341;13781
342;13782
343;13802
344;10511
345;10372
346;10843
347;10844
348;10681
349;10748
350;10709
351;10597
352;10892
353;11069
354;11115
355;11076
356;10911
357;9846
358;9743
359;9872
360;10195
361;10006
362;10007
363;10098
364;9887
365;3
366;34
367;50
368;28
369;60
370;98
371;100
372;131
373;224
374;270
375;59
376;67
377;302
378;254
379;214
380;271
381;378
382;169
383;539
384;640
385;474
386;475
387;331
388;448
389;536
390;552
391;701
392;844
393;1031
394;908
395;912
396;913
397;916
398;918
399;696
400;930
401;1433
402;1324
403;1074
404;1360
405;1193
406;1012
407;1119
408;1093
409;1063
410;1212
411;2510
412;1118
413;1776
414;1383
415;1416
416;1811
417;1687
418;2535
419;2304
420;1610
421;2033
422;2362
423;2363
424;1784
425;2511
426;2044
427;1675
428;2006
429;2803
430;3071
431;1734
432;2226
433;2865
434;3413
435;3391
436;3101
437;3324
438;3697
439;10807
440;10400
441;11418
442;11340
443;11766
444;11507
445;11993
446;11772
447;11942
448;11983
449;8434
450;9166
451;8923
452;9374
453;9449
454;9804
455;9717
456;9492
457;9702
458;10194
459;9963
460;10054
461;9951
462;10184
463;10490
464;10386
465;10463
466;8100
467;8544
468;13224
469;13713
470;14071
471;14238
472;14473
473;14575
474;14538
475;14481
476;14630
477;14622
478;14698
479;14683
480;14712
481;14763
482;14794
483;10303
484;10498
485;10417
486;10634
487;10394
488;10663
489;10765
490;10867
491;10725
492;10811
493;10755
494;10877
495;10960
496;9933
497;10419
498;10886
499;10708
500;11021
501;11123
502;10965
503;11165
504;11086
505;11227
506;10092
507;10445
508;10352
509;10247
510;10197
511;10238
512;10906
513;10862
514;10697
515;10724
516;10925
517;10581
518;10777
519;11195
520;11079
521;11064
522;11121
523;10908
524;11065
525;11376
526;11288
527;11407
528;11214
529;11322
530;11356
531;11338
532;11274
533;11538
534;12692
535;10233
536;10351
537;9567
538;8483
539;8453
540;8506
541;8733
542;8888
543;5828
544;2404
545;2281
546;2453
547;2389
548;2484
549;2557
550;2566
551;2714
552;2584
553;2715
554;2693
555;1632
556;1949
557;2201
558;1996
559;2152
560;6
561;69
562;16
563;17
564;46
565;10
566;156
567;159
568;335
569;155
570;671
571;703
572;1137
573;1418
574;1346
575;10104
576;9529
577;8977
578;9121
579;11438
580;11521
581;11633
582;11751
583;11522
584;11592
585;11660
586;11501
587;11895
588;11873
589;11649
590;7231
591;6859
592;7160
593;6898
594;7084
595;7167
596;6929
597;7427
598;7566
599;7697
600;7676
601;7821
602;8106
603;8332
604;8417
605;8240
606;1046
607;1143
608;1264
609;1408
610;1362
611;1499
612;2059
613;1531
614;1708
615;1814
616;2239
617;1907
618;1909
619;2228
620;2060
621;14788
622;14795
623;9429
624;9483
625;9450
626;9692
627;9546
628;9897
629;9896
630;10158
631;10227
632;10069
633;10613
634;10244
635;10505
636;10236
637;10730
638;10921
639;10438
640;10768
641;11100
642;10880
643;13203
644;207
645;586
646;462
647;614
648;825
649;705
650;807
651;689
652;2262
653;2735
654;2749
655;2933
656;2600
657;2652
658;2629
659;2848
660;2725
661;2601
662;2974
663;2836
664;2580
665;2837
666;3432
667;2961
668;3612
669;3247
670;2991
671;3290
672;3092
673;3325
674;3040
675;3258
676;3855
677;3800
678;3719
679;3751
680;3811
681;9423
682;11226
683;13545
684;13592
685;14780
686;10776
687;11318
688;11409
689;11441
690;11616
691;11601
692;11540
693;11582
694;1724
695;1862
696;1737
697;1965
698;2232
699;2475
700;1976
701;2375
702;2496
703;2690
704;2704
705;2691
706;2805
707;2630
708;10201
709;10332
710;10961
711;10689
712;10802
713;10869
714;10933
715;10145
716;10108
717;10073
718;10360
719;10199
720;10262
721;10153
722;10654
723;9817
724;10063
725;11189
726;10022
727;4644
728;4613
729;4676
730;4511
731;4297
732;4938
733;5122
734;5827
735;9422
736;9615
737;9640
738;9603
739;9496
740;10820
741;10799
742;11155
743;11122
744;9114
745;9058
746;1789
747;2009
748;1922
749;9192
750;9999
751;9779
752;9724
753;9551
754;9491
755;3000
756;2782
757;2909
758;3033
759;2966
760;476
761;528
762;1760
763;1722
764;1933
765;5382
766;5504
767;6087
768;5765
769;5561
770;5832
771;6494
772;6664
773;6541
774;6411
775;6256
776;6555
777;6633
778;6678
779;6817
780;6876
781;6931
782;6758
783;6507
784;6784
785;3470
786;3395
787;3594
788;3396
789;3473
790;3291
791;3720
792;4100
793;4759
794;4000
795;4467
796;4380
797;5153
798;4802
799;9181
800;3910
801;4391
802;5093
803;5246
804;4967
805;6109
806;6021
807;5984
808;6038
809;5924
810;5510
811;5501
812;5775
813;5456
814;5435
815;6342
816;6497
817;6220
818;6150
819;7816
820;11078
821;11482
822;11198
823;11531
824;11504
825;11529
826;11670
827;11671
828;11697
829;11909
830;11328
831;9291
832;5311
833;5283
834;5922
835;5592
836;5734
837;5434
838;5867
839;5715
840;7184
841;8808
842;8941
843;8961
844;8876
845;9225
846;9366
847;9587
848;9602
849;6618
850;7229
851;6473
852;6539
853;6910
854;6696
855;7492
856;7648
857;7685
858;6925
859;7978
860;8026
861;7794
862;8105
863;9754
864;6270
865;10821
866;10998
867;3032
868;14225
869;2512
870;12741
871;13098
872;13004
873;12896
874;13229
875;13388
876;13298
877;13378
878;13106
879;13551
880;13680
881;13776
882;13829
883;10995
884;11192
885;10912
886;11101
887;10969
888;10905
889;11292
890;11281
891;11350
892;3765
893;11119
894;6613
895;6905
896;6888
897;6781
898;7336
899;7362
900;7363
901;7405
902;7406
903;7350
904;8091
905;8150
906;8250
907;7869
908;8362
909;8000
910;7922
911;7663
912;8659
913;8582
914;8602
915;8588
916;8985
917;8815
918;9118
919;8953
920;8774
921;8826
922;8992
923;9012
924;8906
925;9056
926;8613
927;8870
928;8795
929;8743
930;9158
931;9318
932;9290
933;9319
934;9057
935;9151
936;9329
937;10753
938;8777
939;8446
940;9015
941;9339
942;9425
943;9542
944;9870
945;9713
946;9626
947;10138
948;5677
949;2189
950;2488
951;2332
952;2480
953;2641
954;2424
955;2425
956;2861
957;2589
958;2534
959;3163
960;3629
961;3584
962;3408
963;3177
964;3178
965;3689
966;3529
967;6113
968;5761
969;6142
970;6660
971;6754
972;6334
973;6676
974;6250
975;6237
976;6187
977;5966
978;7003
979;7366
980;7683
981;7664
982;8238
983;12787
984;12798
985;12967
986;13020
987;13201
988;13339
989;13349
990;13767
991;13934
992;13836
993;8152
994;8785
995;8998
996;8281
997;9182
998;9251
999;9330
1000;9446
1001;9252
1002;13454
1003;12623
1004;12887
1005;13002
1006;10978
1007;11145
1008;11427
1009;11428
1010;11138
1011;11336
1012;11589
1013;11699
1014;11495
1015;11680
1016;11552
1017;11368
1018;11626
1019;11893
1020;11855
1021;12081
1022;11843
1023;12108
1024;11937
1025;11871
1026;11798
1027;12228
1028;12292
1029;12299
1030;12156
1031;12136
1032;12312
1033;12454
1034;12455
1035;12548
1036;7345
1037;7415
1038;7445
1039;7657
1040;7535
1041;7769
1042;9911
1043;9922
1044;9987
1045;9893
1046;9995
1047;9939
1048;10019
1049;9997
1050;10690
1051;10560
1052;10396
1053;10273
1054;10472
1055;10316
1056;10192
1057;10291
1058;10225
1059;10840
1060;10738
1061;10701
1062;10885
1063;10870
1064;11000
1065;10657
1066;10489
1067;10962
1068;11067
1069;11005
1070;9816
1071;9642
1072;9929
1073;9930
1074;9890
1075;8497
1076;9100
1077;9039
1078;8946
1079;9763
1080;9618
1081;9803
1082;9794
1083;9244
1084;9820
1085;20
1086;147
1087;152
1088;250
1089;558
1090;621
1091;883
1092;714
1093;679
1094;935
1095;823
1096;890
1097;11573
1098;14621
1099;14660
1100;14717
1101;14658
1102;14744
1103;14721
1104;14750
1105;14759
1106;14760
1107;7891
1108;8178
1109;8489
1110;8381
1111;9237
1112;8894
1113;6031
1114;5447
1115;6442
1116;6683
1117;6684
1118;6326
1119;6133
1120;7088
1121;6745
1122;7149
1123;7132
1124;6840
1125;7854
1126;7467
1127;7506
1128;7284
1129;8081
1130;8036
1131;10538
1132;10420
1133;13605
1134;13391
1135;13666
1136;13687
1137;13905
1138;13947
1139;14059
1140;13927
1141;13963
1142;14060
1143;5253
1144;5104
1145;5024
1146;5304
1147;5497
1148;5143
1149;6053
1150;5766
1151;5415
1152;6016
1153;5562
1154;6101
1155;6089
1156;5711
1157;5516
1158;5712
1159;5537
1160;5809
1161;5517
1162;5900
1163;6273
1164;6274
1165;6476
1166;6656
1167;6193
1168;6681
1169;6437
1170;6901
1171;6603
1172;7169
1173;6990
1174;7294
1175;7163
1176;7545
1177;7200
1178;7086
1179;9378
1180;9624
1181;9744
1182;9696
1183;9771
1184;10061
1185;10162
1186;10181
1187;10493
1188;10913
1189;10659
1190;10587
1191;10696
1192;11844
1193;11928
1194;12301
1195;12005
1196;12102
1197;12381
1198;12195
1199;12402
1200;1677
1201;1550
1202;1763
1203;1634
1204;1711
1205;1967
1206;2214
1207;1925
1208;2252
1209;2406
1210;2012
1211;2391
1212;2233
1213;1998
1214;2317
1215;2138
1216;4853
1217;4331
1218;4871
1219;2248
1220;2710
1221;2800
1222;2608
1223;2887
1224;2815
1225;2914
1226;3263
1227;3133
1228;3285
1229;3374
1230;3375
1231;3335
1232;2983
1233;3501
1234;3567
1235;3729
1236;3846
1237;4323
1238;3477
1239;4141
1240;3664
1241;4194
1242;3785
1243;3909
1244;3744
1245;3786
1246;3777
1247;4618
1248;4245
1249;4147
1250;4288
1251;4258
1252;4218
1253;4712
1254;4322
1255;4622
1256;4409
1257;4130
1258;4637
1259;4809
1260;4272
1261;4686
1262;4352
1263;4057
1264;4764
1265;4289
1266;4633
1267;4946
1268;5108
1269;5109
1270;4903
1271;5110
1272;4843
1273;4880
1274;5042
1275;5071
1276;4807
1277;5145
1278;5111
1279;4846
1280;5353
1281;5475
1282;5299
1283;5347
1284;5814
1285;5670
1286;5348
1287;5307
1288;5639
1289;6120
1290;5815
1291;5523
1292;5954
1293;6075
1294;5644
1295;6121
1296;5905
1297;5623
1298;5886
1299;5622
1300;5746
1301;6464
1302;6949
1303;6148
1304;6595
1305;6465
1306;6446
1307;6244
1308;6640
1309;6059
1310;6137
1311;6685
1312;6564
1313;6466
1314;6735
1315;6163
1316;6777
1317;6479
1318;6608
1319;7187
1320;6625
1321;6764
1322;6281
1323;7176
1324;7219
1325;7236
1326;6998
1327;6936
1328;7205
1329;7390
1330;6649
1331;7018
1332;7123
1333;6973
1334;7019
1335;6708
1336;7333
1337;7139
1338;6778
1339;7140
1340;7378
1341;7788
1342;7578
1343;7630
1344;7511
1345;7672
1346;7551
1347;7961
1348;7896
1349;7403
1350;7530
1351;7449
1352;7611
1353;7515
1354;8038
1355;8053
1356;8072
1357;7813
1358;8179
1359;7776
1360;8144
1361;8145
1362;7778
1363;8128
1364;8116
1365;8180
1366;8041
1367;8195
1368;7921
1369;8459
1370;8388
1371;8450
1372;8782
1373;8587
1374;8610
1375;8514
1376;8340
1377;8942
1378;4623
1379;4848
1380;4275
1381;4476
1382;4195
1383;4113
1384;5045
1385;4904
1386;4882
1387;11903
1388;11555
1389;11920
1390;12088
1391;12258
1392;12248
1393;12014
1394;12209
1395;12302
1396;12377
1397;12487
1398;12540
1399;12350
1400;12705
1401;12606
1402;12712
1403;12732
1404;12871
1405;12736
1406;12756
1407;12852
1408;12793
1409;12977
1410;13092
1411;13195
1412;8080
1413;6177
1414;6776
1415;6881
1416;5851
1417;6934
1418;7344
1419;7076
1420;7767
1421;7548
1422;7568
1423;7730
1424;7430
1425;7387
1426;7714
1427;7826
1428;7785
1429;7716
1430;7939
1431;7731
1432;7828
1433;7346
1434;8275
1435;7725
1436;8200
1437;7873
1438;8003
1439;7825
1440;8004
1441;8441
1442;7982
1443;7995
1444;8018
1445;8320
1446;7958
1447;8088
1448;8291
1449;8549
1450;8475
1451;8759
1452;8851
1453;8476
1454;8586
1455;8383
1456;8353
1457;8718
1458;8458
1459;8477
1460;8627
1461;8510
1462;8371
1463;8596
1464;8294
1465;8259
1466;8948
1467;8924
1468;9264
1469;8761
1470;8748
1471;9018
1472;8909
1473;8917
1474;8960
1475;8806
1476;9069
1477;9322
1478;9457
1479;9258
1480;9451
1481;9265
1482;9357
1483;9238
1484;9187
1485;9560
1486;9917
1487;9485
1488;9673
1489;9998
1490;9899
1491;10160
1492;10216
1493;9854
1494;9839
1495;10319
1496;10492
1497;10308
1498;2879
1499;2852
1500;3034
1501;3349
1502;3016
1503;3275
1504;3055
1505;3640
1506;3170
1507;3419
1508;3380
1509;3604
1510;3056
1511;3605
1512;11696
1513;13338
1514;13289
1515;13252
1516;13469
1517;13263
1518;13694
1519;13669
1520;13702
1521;13812
1522;13750
1523;13695
1524;13809
1525;13952
1526;14109
1527;14073
1528;13950
1529;13938
1530;14126
1531;13951
1532;14145
1533;13961
1534;14115
1535;14265
1536;14135
1537;14232
1538;14270
1539;14504
1540;14491
1541;14477
1542;14385
1543;14438
1544;9815
1545;6987
1546;6816
1547;7420
1548;7589
1549;7765
1550;8066
1551;7724
1552;8255
1553;8108
1554;8014
1555;8734
1556;8590
1557;8474
1558;8373
1559;8591
1560;8770
1561;9271
1562;9074
1563;8915
1564;9168
1565;9397
1566;9643
1567;9478
1568;9541
1569;9698
1570;9856
1571;9857
1572;9080
1573;8912
1574;8996
1575;9465
1576;9117
1577;9296
1578;9417
1579;9306
1580;9217
1581;9796
1582;9797
1583;9768
1584;9536
1585;9359
1586;9574
1587;9517
1588;9812
1589;10453
1590;10723
1591;11384
1592;12373
1593;12529
1594;10497
1595;10600
1596;3721
1597;10411
1598;10516
1599;10186
1600;10399
1601;10903
1602;11084
1603;10994
1604;11240
1605;11273
1606;11229
1607;11176
1608;11437
1609;65
1610;97
1611;27
1612;22
1613;32
1614;101
1615;243
1616;80
1617;95
1618;105
1619;138
1620;261
1621;74
1622;333
1623;203
1624;119
1625;154
1626;300
1627;247
1628;452
1629;315
1630;231
1631;244
1632;90
1633;167
1634;294
1635;357
1636;362
1637;213
1638;717
1639;457
1640;436
1641;683
1642;562
1643;386
1644;305
1645;516
1646;650
1647;424
1648;221
1649;293
1650;646
1651;353
1652;509
1653;802
1654;895
1655;866
1656;812
1657;747
1658;602
1659;569
1660;466
1661;570
1662;833
1663;534
1664;574
1665;834
1666;522
1667;546
1668;1047
1669;956
1670;795
1671;975
1672;878
1673;1110
1674;1111
1675;841
1676;940
1677;819
1678;1090
1679;1191
1680;1125
1681;850
1682;1192
1683;927
1684;980
1685;972
1686;1080
1687;767
1688;1286
1689;1184
1690;1287
1691;1448
1692;1017
1693;1395
1694;885
1695;1512
1696;1215
1697;1178
1698;1378
1699;1241
1700;1296
1701;1172
1702;1307
1703;1325
1704;1226
1705;1326
1706;1327
1707;1150
1708;1480
1709;1453
1710;1243
1711;1349
1712;1351
1713;1217
1714;1301
1715;1268
1716;1211
1717;1220
1718;1072
1719;1527
1720;942
1721;1600
1722;1471
1723;1522
1724;1464
1725;1712
1726;1936
1727;1690
1728;1622
1729;1699
1730;1562
1731;1766
1732;1551
1733;1914
1734;1492
1735;1915
1736;1564
1737;1716
1738;1565
1739;1794
1740;1819
1741;1595
1742;1856
1743;1608
1744;1496
1745;1664
1746;1454
1747;1956
1748;1673
1749;1403
1750;1628
1751;1992
1752;1917
1753;1405
1754;1643
1755;2408
1756;2202
1757;2327
1758;2328
1759;1873
1760;2358
1761;2065
1762;2255
1763;2089
1764;2299
1765;2066
1766;2571
1767;2004
1768;2159
1769;2344
1770;2160
1771;1954
1772;1988
1773;1769
1774;1944
1775;2068
1776;2289
1777;1958
1778;1824
1779;1959
1780;2273
1781;2290
1782;1877
1783;2931
1784;2313
1785;2656
1786;2569
1787;2516
1788;2757
1789;2588
1790;3057
1791;2438
1792;3058
1793;2694
1794;2469
1795;2769
1796;2881
1797;2409
1798;2871
1799;2634
1800;3021
1801;2454
1802;2636
1803;3160
1804;2531
1805;2774
1806;2286
1807;2638
1808;2287
1809;2720
1810;2927
1811;2238
1812;2423
1813;2247
1814;2776
1815;2301
1816;2610
1817;2544
1818;3138
1819;3173
1820;3513
1821;3421
1822;3398
1823;3515
1824;3661
1825;3463
1826;2969
1827;3678
1828;3159
1829;3094
1830;2954
1831;3296
1832;3354
1833;3242
1834;3407
1835;2817
1836;3455
1837;3677
1838;4107
1839;3783
1840;4067
1841;3902
1842;3769
1843;3903
1844;3488
1845;3437
1846;3888
1847;4566
1848;4126
1849;3794
1850;3946
1851;4016
1852;3742
1853;3849
1854;4527
1855;4254
1856;4657
1857;4471
1858;4528
1859;4678
1860;4093
1861;4708
1862;4710
1863;4681
1864;4544
1865;4317
1866;4682
1867;4318
1868;4319
1869;4449
1870;4244
1871;5087
1872;5343
1873;5194
1874;4826
1875;4895
1876;5105
1877;5213
1878;4962
1879;5040
1880;3799
1881;3824
1882;3995
1883;4265
1884;3879
1885;3880
1886;4065
1887;4085
1888;4672
1889;4414
1890;4674
1891;4050
1892;4439
1893;4183
1894;4689
1895;4251
1896;4417
1897;4782
1898;4313
1899;4142
1900;5206
1901;4888
1902;5285
1903;5119
1904;5397
1905;4854
1906;5099
1907;5317
1908;5003
1909;5207
1910;5488
1911;7489
1912;11497
1913;8967
1914;8686
1915;8675
1916;8699
1917;8859
1918;9086
1919;9805
1920;9750
1921;9399
1922;9410
1923;9785
1924;9480
1925;9683
1926;9705
1927;9523
1928;10038
1929;9924
1930;10256
1931;9783
1932;10149
1933;9787
1934;9989
1935;10373
1936;10409
1937;10327
1938;10693
1939;10531
1940;10703
1941;10450
1942;10836
1943;10977
1944;10967
1945;11160
1946;10947
1947;272
1948;583
1949;492
1950;774
1951;584
1952;1001
1953;876
1954;1015
1955;858
1956;944
1957;1355
1958;1129
1959;3105
1960;2995
1961;13983
1962;12048
1963;5829
1964;5586
1965;6051
1966;5742
1967;5764
1968;5443
1969;6271
1970;10499
1971;10834
1972;13536
1973;6739
1974;6420
1975;6899
1976;10239
1977;6099
1978;5377
1979;5968
1980;5378
1981;6336
1982;6813
1983;6254
1984;4384
1985;4237
1986;4724
1987;4541
1988;4385
1989;4645
1990;4298
1991;4561
1992;4299
1993;4525
1994;4702
1995;4371
1996;4501
1997;4647
1998;4423
1999;4728
2000;4445
2001;4485
2002;4732
2003;4956
2004;5209
2005;4875
2006;5320
2007;5237
2008;4819
2009;5138
2010;4924
2011;5360
2012;5101
2013;5295
2014;5139
2015;5423
2016;4940
2017;5297
2018;5337
2019;5086
2020;5155
2021;5301
2022;5006
2023;4857
2024;5103
2025;5239
2026;4858
2027;5157
2028;5289
2029;5023
2030;5274
2031;5401
2032;12456
2033;11603
2034;11669
2035;12019
2036;11831
2037;11917
2038;11807
2039;11908
2040;11878
2041;12239
2042;12001
2043;11989
2044;12224
2045;12188
2046;12278
2047;12385
2048;12485
2049;12371
2050;12246
2051;12534
2052;12619
2053;8213
2054;11142
2055;11463
2056;11220
2057;11469
2058;11403
2059;11570
2060;11528
2061;14388
2062;14345
2063;14348
2064;14402
2065;14494
2066;14567
2067;14540
2068;201
2069;146
2070;160
2071;185
2072;718
2073;595
2074;906
2075;754
2076;694
2077;1247
2078;1151
2079;1644
2080;1879
2081;1993
2082;2874
2083;2668
2084;2917
2085;3080
2086;2680
2087;3053
2088;2746
2089;3145
2090;3389
2091;2932
2092;3635
2093;3312
2094;3289
2095;3098
2096;3505
2097;3533
2098;3573
2099;3026
2100;3711
2101;3986
2102;3911
2103;3716
2104;3648
2105;3913
2106;4018
2107;4263
2108;3988
2109;3694
2110;3695
2111;3861
2112;4231
2113;4060
2114;3874
2115;3898
2116;3377
2117;4073
2118;3899
2119;3918
2120;3876
2121;3560
2122;4012
2123;3866
2124;4516
2125;4477
2126;4549
2127;4478
2128;4300
2129;4572
2130;3990
2131;4293
2132;4816
2133;4392
2134;4083
2135;4585
2136;4586
2137;4279
2138;4281
2139;4720
2140;4294
2141;4154
2142;4587
2143;4518
2144;4592
2145;4398
2146;3919
2147;4207
2148;5227
2149;4793
2150;5596
2151;5575
2152;5132
2153;4459
2154;4830
2155;4814
2156;4654
2157;5094
2158;4742
2159;5202
2160;5218
2161;4885
2162;4886
2163;4999
2164;5373
2165;4977
2166;5117
2167;5060
2168;5334
2169;5061
2170;5051
2171;5264
2172;4909
2173;5329
2174;6166
2175;6003
2176;5925
2177;5689
2178;6221
2179;5737
2180;5483
2181;5705
2182;5487
2183;5627
2184;5962
2185;5691
2186;5530
2187;5598
2188;5987
2189;5799
2190;5556
2191;6236
2192;5577
2193;5781
2194;5945
2195;5759
2196;6112
2197;5721
2198;6182
2199;6469
2200;6600
2201;6567
2202;6233
2203;6234
2204;6521
2205;6614
2206;6552
2207;6470
2208;5986
2209;6499
2210;6652
2211;6043
2212;7025
2213;6568
2214;6048
2215;6471
2216;6828
2217;6249
2218;6725
2219;6795
2220;7239
2221;7068
2222;7129
2223;7023
2224;7179
2225;6941
2226;6981
2227;7026
2228;7728
2229;7582
2230;7947
2231;8722
2232;9162
2233;9847
2234;10043
2235;10134
2236;10661
2237;10339
2238;10413
2239;10381
2240;10284
2241;10485
2242;10266
2243;10324
2244;10261
2245;10508
2246;10546
2247;10533
2248;10705
2249;10875
2250;10771
2251;11313
2252;11002
2253;8565
2254;8567
2255;8680
2256;8705
2257;9046
2258;8952
2259;8793
2260;8835
2261;9393
2262;9770
2263;9458
2264;10173
2265;9956
2266;10321
2267;12952
2268;12851
2269;9401
2270;9332
2271;9611
2272;9629
2273;9532
2274;9484
2275;9584
2276;9347
2277;9864
2278;9533
2279;3343
2280;3496
2281;3416
2282;3839
2283;3801
2284;3738
2285;3722
2286;3563
2287;3962
2288;11219
2289;11061
2290;11203
2291;11244
2292;11310
2293;11358
2294;11279
2295;11514
2296;11678
2297;11461
2298;11629
2299;11475
2300;12084
2301;11823
2302;11754
2303;11806
2304;11906
2305;11767
2306;11892
2307;12097
2308;12289
2309;12213
2310;12163
2311;12179
2312;12309
2313;12216
2314;12495
2315;12626
2316;12354
2317;12662
2318;12580
2319;12555
2320;12523
2321;12710
2322;12771
2323;12891
2324;12815
2325;12902
2326;13153
2327;12997
2328;13247
2329;13243
2330;13401
2331;13365
2332;13145
2333;13282
2334;13544
2335;13442
