2 3 5366 5305 5428
2 3 5366 5550 5700
2 4 5386 5298 5306 5089
2 4 5386 5619 5637 5700
2 2 5386 5619
2 6 5089 5306 5588 5834 5918 6131
2 3 5936 5728 5656
2 3 5936 6276 6510
2 2 5656 5428
2 3 5656 5850 6102
1 4 5428 5569 5550 5700
3 4 5700 5916 5938 6055
2 3 5700 5637 5619
3 4 6055 5938 5789 5619
3 3 6055 6214 6356
2 4 5619 5668 5917 6131
2 2 6510 6682
1 3 6102 6175 6440
2 3 6440 6441 6311
2 2 6440 6636
2 2 6311 6356
2 2 6682 6635
2 2 6635 6636
2 4 4051 4066 4159 4304
2 2 5762 5930
2 4 5762 6007 6238 6455
2 4 5930 5722 5632 5582
1 4 5930 6128 6268 6455
3 4 5582 5583 5558 5512
3 5 5512 5490 5503 5491 5513
1 5 6050 6083 5947 5967 5948
1 2 6050 6208
2 4 5513 5610 5804 5948
2 3 5513 5610 5783
1 3 5948 5913 5783
1 3 5948 6172 6188
1 4 5783 5913 5931 6067
2 4 5783 5611 5559 5439
2 6 6067 5931 5859 5694 5559 5439
1 2 6067 6188
1 3 6455 6268 6171
1 3 6455 6454 6727
1 3 6171 6114 6208
1 4 6171 6114 6208 6525
1 2 6208 6525
2 2 6188 6418
1 4 6727 6812 7240 7490
1 4 6727 6694 6737 6829
2 3 6525 6572 6418
2 5 6418 6538 6858 7196 7407
1 2 7490 7760
1 5 6829 7143 7383 7476 7760
2 4 7948 7792 7638 7407
2 3 7948 7878 7871
2 5 7407 7638 7977 8161 8392
1 4 7760 7761 7746 7871
1 4 7760 7989 8273 8432
1 3 7871 8077 8432
2 5 7871 8103 8153 8266 8392
1 6 12046 12155 12198 12199 12262 12317
3 7 12046 12155 12197 12260 12335 12383 12479
1 3 12317 12420 12468
3 3 12479 12492 12468
3 5 12479 12492 12565 12590 12579
1 4 12468 12500 12460 12501
1 3 12468 12572 12579
1 4 12501 12452 12433 12519
1 2 12501 12579
1 2 12519 12591
2 3 12579 12695 12779
1 3 12579 12635 12730
2 2 12779 12730
2 4 12779 12785 12729 12722
2 4 12591 12684 12733 12820
2 4 12722 12805 12868 12956
2 5 12722 12784 12862 12918 12993
1 3 12956 13001 12993
1 4 12956 12965 13026 12994
2 3 12820 12929 13081
1 5 12993 13001 13080 13026 12994
2 4 12994 13072 13112 13081
1 2 13875 13803
1 3 13875 13936 14017
1 4 13803 13742 13672 13662
1 3 13825 13771 13662
1 6 13825 13848 13818 13840 13891 13926
1 4 13825 13886 13966 14017
1 5 13825 13886 13966 14028 14099
2 4 13926 13967 14033 14094
1 3 14143 14084 14017
1 3 14143 14183 14243
1 2 14017 14099
2 3 14094 14167 14206
1 4 14086 14169 14191 14231
1 4 14243 14247 14271 14336
1 4 14356 14320 14282 14206
1 4 14356 14361 14362 14363
1 4 14206 14241 14217 14231
1 4 14231 14272 14308 14363
2 3 14336 14377 14424
2 4 14424 14475 14531 14561
2 4 14424 14432 14463 14488
2 4 14338 14390 14436 14493
2 4 14338 14371 14429 14476
2 4 14493 14513 14483 14479
1 3 14493 14490 14476
2 3 14479 14454 14401
2 2 14479 14508
1 4 14401 14361 14362 14363
1 3 14561 14539 14488
1 4 14561 14613 14654 14686
1 3 14488 14489 14476
1 4 14590 14557 14524 14508
1 2 14590 14624
1 4 14590 14608 14626 14633
1 4 14590 14608 14650 14678
3 4 14508 14528 14532 14553
3 6 14553 14566 14594 14615 14637 14647
1 4 14624 14655 14681 14697
1 5 14633 14627 14620 14637 14647
1 3 14633 14656 14678
1 2 14686 14669
1 4 14669 14687 14708 14697
1 8 14669 14696 14710 14720 14735 14741 14751 14761
1 7 14669 14696 14710 14720 14735 14743 14754
1 3 14697 14684 14678
1 3 14761 14758 14754
1 4 14754 14758 14767 14776
1 6 14754 14766 14775 14781 14783 14787
1 4 14776 14779 14783 14787
1 4 12746 12850 12968 13156
1 5 12746 12870 12897 12969 13099
1 3 12855 13023 13235
1 3 12855 13016 13078
1 4 12888 13029 13090 13156
1 3 12888 13062 13202
1 3 13156 13319 13489
1 5 13202 13327 13462 13584 13757
1 4 13202 13308 13434 13601
1 6 13099 13194 13230 13320 13406 13490
1 5 13099 13266 13405 13513 13652
1 4 13490 13398 13313 13235
1 4 13490 13514 13501 13652
1 4 13490 13502 13435 13411
1 3 13235 13189 13078
1 2 13235 13411
1 4 13078 13236 13333 13411
1 4 13078 13161 13303 13373
1 3 13769 13725 13768
1 3 13769 13761 13831
1 2 13757 13831
1 2 13757 13922
1 2 13601 13712
1 2 13489 13602
1 2 13652 13815
1 4 13411 13578 13704 13816
1 5 13373 13444 13520 13623 13727
1 2 13768 13868
1 3 13831 13955 14049
1 3 13712 13658 13602
1 4 13712 13846 13870 13922
1 5 13602 13754 13885 14001 14077
1 4 13815 14005 14097 14141
1 4 13816 13910 14008 14131
1 3 13816 13910 14069
1 2 13727 13856
2 5 13868 14027 14137 14240 14330
1 3 13922 14041 14127
1 3 14127 14260 14340
1 3 14077 14187 14290
1 2 14141 14294
1 2 14131 14069
1 3 14069 13956 13856
2 5 13957 14024 14014 14078 14070
1 4 13957 14052 14132 14200
2 4 14070 14090 14176 14212
2 2 14330 14416
1 5 14049 14162 14199 14317 14403
1 2 14290 14294
1 3 14235 14236 14237
1 3 14235 14234 14263
1 2 14235 14358
1 2 14237 14325
1 3 14200 14211 14212
1 4 14200 14210 14287 14325
1 3 14200 14275 14288
1 2 14212 14288
1 6 14416 14459 14422 14449 14450 14403
1 2 14403 14340
2 6 14263 14351 14435 14498 14548 14577
1 4 14358 14439 14492 14543
1 5 14325 14407 14502 14556 14584
3 6 14325 14389 14419 14425 14472 14526
2 4 14577 14560 14563 14543
3 6 14584 14585 14572 14551 14545 14526
1 4 14584 14585 14572 14587
3 5 14543 14555 14586 14628 14670
3 8 14670 14642 14635 14616 14609 14585 14572 14587
1 3 2998 2964 2895
2 3 2895 2807 2780
2 4 2895 2999 3108 3225
2 3 2780 2935 3074
3 4 2780 2705 2824 2849
3 4 3074 2948 2923 2849
2 3 3074 3109 3225
3 4 7894 8007 8113 8229
3 5 7894 7957 8115 8190 8285
3 4 8229 8279 8245 8285
3 4 8285 8286 8203 8125
3 4 8285 8377 8427 8426
3 5 8285 8385 8481 8511 8576
3 4 8125 8246 8397 8576
3 3 8426 8427 8501
3 5 8501 8502 8481 8511 8576
3 3 2230 2263 2325
1 3 10139 10210 10223
1 3 10139 10289 10436
1 3 10223 10362 10436
2 2 10362 10436
2 5 10362 10500 10592 10719 10803
1 3 9665 9761 9747
3 3 9665 9819 9921
2 3 9970 9877 9747
2 4 9970 10026 10118 10074
3 3 9747 9877 9921
3 3 9921 10001 10119
3 3 9921 9909 9801
2 4 10119 10027 9910 9801
1 2 12569 12621
1 5 12569 12593 12675 12737 12742
1 4 12621 12693 12737 12742
1 3 12621 12728 12838
1 5 12838 12810 12864 12865 12856
2 6 12838 12883 12962 13040 13117 13190
1 3 12856 12865 12927
2 3 13086 13136 13190
2 3 13086 13136 13211
2 2 13190 13211
1 4 12927 13000 13041 13079
2 4 13079 13171 13218 13225
1 2 13079 13197
1 4 13211 13268 13321 13390
2 4 13299 13273 13276 13225
1 2 13299 13390
1 4 13299 13390 13457 13547
2 4 13225 13218 13171 13197
1 3 13390 13457 13547
2 5 11225 11248 11278 11339 11430
2 6 11225 11351 11454 11598 11752 11875
2 7 11114 11218 11324 11400 11458 11563 11662
2 7 11114 11242 11315 11363 11480 11574 11663
1 3 11348 11539 11708
2 3 11348 11539 11609
2 2 11430 11609
2 4 11875 11858 11814 11800
2 4 11875 11770 11738 11620
2 5 11357 11434 11526 11661 11662
2 3 11357 11525 11620
2 4 11662 11661 11676 11744
2 3 11663 11693 11611
2 2 11708 11609
2 3 11609 11643 11800
2 5 11800 11910 12059 12172 12294
2 4 11620 11581 11681 11744
2 4 11837 11962 12035 12167
2 5 11837 11939 12025 12016 12096
2 7 11611 11600 11612 11636 11656 11684 11777
2 3 11777 11884 11956
2 4 11777 11816 11958 12061
2 4 11956 11957 11958 12061
1 4 11956 12008 12090 12185
2 2 12061 12053
2 3 11869 11888 11933
2 4 11869 11941 12009 12053
2 5 11933 11998 12104 12191 12288
2 7 11933 11998 12038 12091 12120 12112 12178
2 3 12058 12231 12286
2 6 12058 12231 12286 12389 12489 12530
2 5 12286 12303 12242 12161 12103
2 4 12286 12389 12489 12530
2 4 12103 12183 12172 12294
2 4 12294 12222 12190 12232
2 2 12294 12424
2 5 12232 12295 12359 12399 12378
2 2 12378 12167
1 3 12167 12281 12426
2 3 12096 12159 12132
2 5 12096 12138 12158 12252 12426
1 3 12132 12118 12185
2 4 12132 12333 12473 12589
1 2 12185 12315
1 3 12315 12441 12544
2 4 12288 12361 12432 12491
2 3 12334 12274 12178
2 7 12334 12326 12364 12363 12375 12362 12411
3 2 12334 12369
2 5 12424 12497 12551 12628 12682
2 6 12424 12497 12518 12586 12659 12763
1 4 12498 12582 12659 12763
2 3 12498 12490 12510
2 2 12426 12562
2 3 12589 12633 12714
1 3 12544 12477 12457
1 3 12544 12630 12631
1 3 12457 12442 12491
1 3 12491 12531 12594
2 4 12411 12471 12527 12513
3 4 12513 12503 12444 12369
2 4 12513 12571 12587 12609
1 3 12682 12708 12763
1 3 12763 12790 12847
2 4 12510 12597 12694 12795
2 5 12562 12687 12825 12921 13038
1 5 12714 12774 12750 12752 12803
1 2 12631 12688
3 5 12594 12669 12744 12775 12778
3 5 12778 12740 12678 12641 12609
3 5 12778 12775 12744 12753 12683
2 2 12847 12795
2 3 12847 12903 12979
2 5 13038 13018 13019 12941 12971
2 4 13038 13138 13130 13213
1 4 12783 12812 12942 12971
2 4 12783 12885 12943 13025
1 3 12803 12738 12700
2 4 12803 12886 12964 13025
1 3 12700 12739 12688
2 5 12925 12859 12801 12753 12683
2 3 12925 12944 12984
2 3 12925 12990 13054
2 5 12979 13045 13109 13172 13246
1 4 12971 13059 13134 13213
2 4 13094 13065 13024 13025
2 4 13094 13165 13232 13307
2 4 13025 13087 13157 13174
1 4 13174 13150 13118 13088
1 3 13088 13013 12923
1 2 12923 12955
1 2 12955 12984
1 3 12984 13067 13152
1 4 13152 13135 13119 13054
2 5 13152 13200 13262 13337 13422
2 4 13246 13314 13371 13421
1 5 13246 13314 13439 13539 13625
2 4 13421 13446 13407 13447
1 4 13447 13358 13287 13213
1 3 13447 13503 13565
2 4 13307 13382 13449 13450
3 6 13362 13413 13451 13414 13403 13394
2 6 13362 13425 13505 13522 13581 13643
3 5 13394 13316 13288 13261 13221
3 5 13394 13452 13498 13558 13612
2 2 13221 13294
2 4 13294 13317 13337 13422
1 2 13625 13565
1 4 13565 13608 13626 13636
2 4 13636 13609 13556 13509
2 3 13636 13673 13732
2 4 13509 13572 13617 13675
2 4 13675 13708 13743 13732
2 3 13675 13683 13734
2 3 13450 13504 13557
2 5 13557 13580 13586 13618 13643
3 5 13557 13611 13676 13693 13748
2 3 13643 13689 13709
3 3 13698 13646 13612
3 5 13698 13690 13647 13620 13576
3 6 13698 13711 13684 13718 13710 13709
2 4 13612 13589 13594 13576
1 3 13849 13827 13772
1 4 13849 13887 13918 13928
2 3 13772 13716 13732
1 3 13772 13859 13928
2 5 13919 13893 13873 13853 13843
2 3 13919 13969 13997
1 4 13734 13765 13808 13843
3 3 13843 13800 13748
3 3 13748 13735 13709
1 4 14039 13975 13981 13928
2 5 14039 14106 14134 14170 14220
1 3 14039 14106 14149
2 4 14130 14064 14046 13997
2 4 14130 14144 14129 14149
2 3 14321 14257 14220
2 4 14321 14357 14392 14373
3 4 14149 14185 14222 14253
3 4 14253 14295 14333 14373
2 5 8563 8399 8204 8070 7959
2 3 8563 8577 8749
2 5 8563 8399 8400 8321 8310
2 3 7959 8142 8310
2 2 8749 8790
2 2 8749 8791
3 3 8655 8552 8310
3 4 8655 8711 8764 8791
3 3 8655 8729 8821
2 4 8310 8553 8704 8821
2 3 8790 8749 8791
3 7 8790 8853 8990 9091 9177 9295 9351
3 2 9351 9282
2 4 9282 9189 9035 8969
2 3 9282 9283 9386
2 5 8969 9035 9189 9283 9386
2 6 9386 9514 9630 9742 9866 9955
2 2 3963 3791
2 4 3963 3977 3942 3978
2 3 3791 3942 3978
2 3 3978 3956 4039
2 7 3978 3956 3923 3842 3832 3884 3885
2 5 4039 3957 3979 3980 3885
1 3 13426 13559 13648
1 6 13426 13441 13416 13487 13543 13528
1 2 13648 13781
1 3 13648 13649 13782
1 5 13528 13613 13621 13670 13782
1 4 13528 13613 13720 13802
1 2 13781 13782
1 4 13781 13782 13820 13802
1 3 13782 13820 13802
1 4 10511 10475 10428 10372
1 2 10511 10748
1 3 10372 10512 10597
1 2 10843 10844
1 3 10843 10975 11069
1 2 10844 10681
1 3 10681 10612 10748
2 4 10681 10845 10955 11076
1 2 10748 10709
1 3 10709 10759 10911
1 5 10597 10749 10857 10873 10892
1 3 10597 10759 10911
1 3 10892 10873 10911
1 4 11069 11059 11133 11115
2 2 11115 11076
2 2 9846 9872
2 3 9846 9885 10006
2 3 9743 9885 10006
2 3 9743 9798 9887
2 5 9872 9928 10072 10115 10195
2 3 9872 9928 10006
2 3 10195 10115 10006
1 2 10006 10007
3 2 10006 10098
3 2 10007 10098
1 4 10007 10008 9981 9887
1 2 98 100
1 9 131 130 142 117 143 175 116 120 67
1 3 131 249 378
1 2 131 169
1 2 224 254
1 5 224 190 177 195 214
1 3 224 377 536
1 4 270 402 494 474
1 3 270 455 475
1 10 59 134 180 255 309 279 216 116 120 67
1 4 59 115 211 331
1 3 254 373 539
1 4 214 330 478 640
1 3 271 277 475
1 2 271 552
1 3 378 249 169
1 2 539 536
1 3 640 712 908
1 5 474 494 541 588 475
1 4 331 460 663 918
1 5 536 755 931 932 1031
1 3 536 755 930
1 3 552 670 916
1 2 844 696
1 2 844 1012
1 3 1031 907 908
1 4 1031 932 966 930
1 2 1031 1212
1 4 908 1062 1169 1433
1 2 912 913
1 5 912 1043 1165 1294 1433
1 3 913 1128 1324
1 5 913 1067 1009 1161 1074
1 2 916 1074
1 3 918 1082 1360
1 5 918 1082 1202 1498 1776
1 4 696 860 1013 1119
2 3 1324 1461 1610
1 4 1074 1381 1706 2033
1 3 1360 1142 1118
1 5 1360 1498 1776 2058 2363
1 4 1193 1382 1519 1776
1 2 1193 1383
1 4 1012 1250 1540 1811
1 5 1119 1000 1032 1100 1093
1 2 1093 1063
1 3 1063 1353 1687
1 4 1063 1353 1698 2006
2 6 1212 1571 1859 2164 2322 2535
2 2 2510 2535
1 3 2510 2471 2304
1 5 1118 1338 1558 1973 2362
1 3 1776 2058 2363
1 3 1383 1547 1784
1 4 1383 1707 2118 2511
1 5 1416 1733 2005 2118 2511
1 3 1416 1668 2044
1 4 1811 1867 1735 1675
1 2 1811 2226
1 2 1687 2006
2 6 2304 2194 2042 1758 1774 1610
1 3 2033 2165 2362
1 5 1784 1905 2081 2364 2511
1 4 2511 2431 2599 2803
1 3 2044 2432 2803
1 5 2044 2432 2612 2820 3071
3 7 1675 2045 2450 2790 3010 3183 3391
1 4 2803 2990 3147 3071
1 6 3071 2789 2625 2401 2021 1734
2 6 3071 3164 3301 3255 3315 3413
3 5 3071 3164 3366 3556 3697
1 3 1734 1811 2226
3 5 2226 2613 3027 3183 3391
3 5 3413 3536 3535 3637 3697
3 9 3391 3302 3267 3268 3367 3431 3316 3256 3101
1 2 3101 3324
3 5 10807 10695 10615 10517 10400
1 2 11418 11340
1 2 11418 11507
1 3 11340 11459 11507
1 3 11766 11665 11507
2 4 11766 11870 11943 11983
1 5 11993 11994 11950 11861 11772
1 4 11993 11994 11995 11942
1 3 11772 11898 11942
2 4 11942 11972 11924 11983
1 5 8434 8674 8829 9041 9166
1 5 9166 9128 9184 9006 8923
1 4 8923 9155 9310 9492
1 2 9374 9449
1 4 9374 9448 9580 9702
1 3 9449 9647 9804
1 5 9449 9374 9448 9580 9702
2 3 9804 9774 9717
1 4 9804 9557 9619 9492
2 2 9717 9492
2 3 9717 9835 9951
1 6 9702 9795 9906 10025 10037 10194
2 2 10194 10184
1 2 9963 10054
2 4 9963 10076 10297 10463
1 3 10054 9935 9951
2 4 10184 10347 10386 10490
2 2 10490 10386
2 4 10386 10334 10427 10463
3 6 8100 8181 8263 8372 8445 8544
2 5 13224 13380 13495 13604 13713
2 4 13713 13845 13974 14071
1 3 14071 14158 14238
2 5 14238 14312 14368 14420 14473
2 3 14473 14506 14538
3 2 14473 14481
1 3 14575 14554 14538
1 3 14575 14595 14622
3 3 14538 14506 14481
2 3 14630 14636 14622
2 3 14630 14659 14683
1 2 14698 14683
1 3 14698 14707 14712
1 6 14712 14716 14729 14742 14752 14763
2 6 14763 14772 14782 14784 14789 14794
1 3 10303 10435 10498
1 3 10303 10315 10417
1 2 10498 10417
2 3 10498 10547 10634
1 3 10498 10602 10663
1 4 10498 10602 10699 10765
2 3 10417 10547 10634
2 4 10634 10459 10422 10394
2 2 10634 10725
2 3 10634 10725 10811
1 5 10394 10548 10664 10688 10811
1 2 10663 10765
1 3 10765 10772 10725
2 3 10765 10839 10877
1 3 10867 10772 10725
2 2 10867 10877
3 5 10867 10851 10896 10897 10960
1 2 10725 10811
1 2 10811 10755
3 3 10755 10883 10960
2 6 9933 10075 10167 10241 10346 10419
2 4 10419 10462 10595 10708
2 3 10886 10964 11021
2 2 10886 10965
2 6 10708 10826 10942 11042 11124 11165
2 3 11021 11022 11123
1 3 11021 11022 10965
2 3 11123 11022 10965
2 5 11123 11147 11161 11174 11165
2 4 11123 11147 11209 11227
2 5 10965 10992 11031 11107 11165
2 5 11165 11124 11042 11082 11086
2 2 11165 11227
2 5 11086 11082 11166 11196 11227
3 5 10092 10144 10163 10198 10197
1 3 10092 10182 10238
1 2 10445 10352
2 3 10445 10352 10247
2 2 10352 10247
3 2 10247 10197
2 5 10247 10300 10310 10311 10238
3 4 10197 10198 10163 10238
2 5 10238 10312 10421 10481 10581
3 2 10906 10862
2 6 10906 10996 11046 11095 11130 11195
3 3 10862 10785 10697
2 5 10697 10711 10698 10712 10724
2 4 10724 10796 10863 10925
2 3 10724 10660 10581
1 4 10925 10797 10787 10777
3 3 10925 10990 11064
1 4 10925 10797 10907 10908
1 2 10777 10908
2 5 11195 11180 11171 11112 11079
2 3 11195 11247 11288
3 3 11079 11073 11064
1 4 11079 11112 11163 11214
3 2 11064 11121
2 5 11121 11172 11233 11296 11356
2 3 10908 10997 11065
2 3 11065 11188 11274
2 3 11376 11347 11288
2 2 11376 11407
1 3 11288 11347 11407
1 4 11288 11309 11263 11214
2 4 11407 11347 11329 11322
2 4 11322 11337 11296 11356
2 5 11322 11337 11390 11433 11538
1 3 11356 11369 11338
1 3 11338 11370 11274
2 3 11338 11369 11538
2 2 10233 10351
3 3 8483 8467 8453
2 4 8453 8468 8484 8506
2 4 8506 8614 8589 8733
2 4 8733 8767 8872 8888
2 3 2404 2340 2281
3 3 2404 2405 2453
2 3 2404 2405 2557
3 3 2281 2405 2453
3 3 2453 2377 2389
3 3 2453 2405 2557
2 5 2389 2418 2498 2419 2484
2 3 2389 2547 2566
2 3 2484 2567 2584
2 2 2566 2714
2 2 2714 2584
2 4 2714 2617 2655 2715
2 4 2584 2617 2655 2715
2 6 2584 2617 2655 2715 2716 2693
2 3 2715 2716 2693
3 4 1632 1710 1852 1949
2 4 1632 1726 1869 1996
3 4 1949 1948 1978 1996
3 4 1949 2011 2137 2152
2 3 2201 2124 1996
2 3 2201 2265 2152
2 3 1996 2124 2152
1 5 6 7 8 9 10
1 2 69 10
1 2 69 156
1 2 16 17
1 4 16 64 157 156
1 3 16 53 159
1 3 17 53 159
1 5 10 62 139 235 335
1 3 10 88 155
1 5 335 340 172 182 155
1 4 155 360 532 671
1 3 1137 1285 1418
3 3 8977 9066 9121
2 4 11438 11511 11560 11633
2 3 11438 11512 11522
3 3 11633 11715 11751
2 4 11633 11590 11512 11522
3 3 11751 11812 11895
3 4 11751 11730 11659 11649
2 5 11522 11523 11478 11505 11501
1 2 11592 11660
1 2 11592 11501
2 3 11660 11653 11649
2 2 11895 11873
2 4 11873 11787 11719 11649
2 3 7231 7041 6859
3 7 6859 6927 6984 6898 7055 7102 7160
3 4 7160 7102 7055 6898
3 5 7160 7197 7340 7466 7566
3 5 6898 6874 6957 6985 7084
3 3 7084 7145 7167
2 3 7167 7056 6929
2 4 7167 7243 7341 7427
2 5 7167 7282 7397 7543 7697
1 4 6929 7115 7244 7427
2 6 7566 7574 7649 7747 7736 7697
2 6 7566 7680 7679 7678 7677 7676
3 4 7697 7736 7747 7821
2 3 7676 7991 8332
3 4 7821 7910 8012 8106
3 5 7821 7949 8134 8211 8417
2 3 8106 8079 8240
2 3 8332 8416 8417
2 2 1046 1143
3 3 1046 1237 1264
3 3 1143 1238 1264
3 2 1264 1408
2 3 1408 1361 1362
2 3 1408 1447 1531
2 3 1362 1447 1531
3 5 2059 2035 1934 1799 1708
3 4 2059 2035 1982 1907
3 4 1531 1510 1650 1708
3 3 1708 1745 1814
2 2 1814 1909
3 4 1814 1880 1964 2060
3 5 2239 2197 2035 1982 1907
3 3 1907 1908 1909
2 4 1909 2036 2119 2228
3 3 2228 2120 2060
2 2 9429 9483
2 2 9429 9450
3 2 9483 9546
2 5 9483 9572 9635 9777 9897
3 3 9450 9524 9546
3 3 9692 9620 9546
2 3 9692 9862 9896
2 4 9692 9806 10040 10158
2 4 9897 9952 10103 10227
2 4 9896 9990 10088 10158
2 3 9896 10029 10069
2 2 10158 10227
2 3 10158 10214 10244
2 2 10227 10236
2 4 10069 10264 10464 10613
3 3 10613 10614 10730
3 3 10244 10375 10505
3 5 10505 10608 10730 10806 10921
2 2 10236 10438
2 5 10236 10337 10466 10544 10768
3 5 10730 10806 10879 11001 11100
2 6 10921 10866 10761 10636 10563 10438
2 3 10921 11008 11100
2 5 10921 10866 10858 10859 10880
2 5 10438 10523 10585 10740 10880
2 3 10768 10774 10880
1 3 207 341 462
1 2 586 462
1 3 586 594 614
1 5 586 613 740 785 825
1 3 586 613 705
1 4 462 493 594 614
1 3 825 716 705
2 3 825 862 807
2 3 807 786 689
3 5 2262 2353 2435 2522 2629
2 6 2262 2353 2435 2522 2629 2725
2 3 2735 2712 2749
2 3 2735 2847 2933
2 2 2749 2933
2 3 2749 2628 2600
2 4 2933 2947 2960 2961
2 4 2600 2736 2737 2652
3 2 2652 2629
2 2 2652 2848
3 2 2629 2725
2 2 2848 2991
2 3 2725 2653 2601
1 4 2601 2751 2752 2836
2 2 2974 2836
2 2 2974 3092
2 3 2836 2738 2580
2 4 2580 2726 2793 2837
2 4 2580 2738 2876 3040
2 4 2837 2892 2993 3040
2 4 3432 3270 3091 2961
2 3 3432 3522 3612
2 3 3432 3654 3855
2 3 3612 3433 3247
2 4 3612 3672 3654 3855
2 3 3612 3625 3800
1 3 3612 3625 3719
2 3 3247 3082 2991
2 4 3247 3232 3257 3290
2 3 2991 3136 3290
1 4 2991 2992 3031 3092
3 6 3290 3340 3457 3523 3655 3751
3 3 3092 3271 3325
3 4 3325 3233 3272 3258
3 4 3325 3469 3538 3751
3 3 3040 3167 3258
3 5 3258 3394 3524 3673 3811
2 2 3800 3719
3 2 3751 3811
1 2 11318 11409
1 5 11318 11386 11435 11449 11441
1 3 11409 11513 11601
1 2 11409 11540
1 3 11441 11568 11616
1 2 11441 11582
1 2 11616 11601
1 2 11616 11582
1 3 11601 11585 11540
2 2 1724 1862
2 3 1724 1891 1976
3 3 1862 1791 1737
2 3 1862 1924 1965
3 3 1737 1801 1965
3 4 2232 2338 2403 2475
3 5 2232 2199 2123 2037 1976
3 3 2475 2386 2375
3 5 1976 2083 2182 2264 2375
3 4 2375 2495 2582 2704
3 5 2496 2526 2555 2647 2704
3 4 2496 2546 2692 2805
3 3 2496 2546 2630
3 2 2690 2704
2 4 2690 2704 2647 2691
3 3 2704 2647 2691
3 4 2691 2755 2765 2805
3 3 2805 2692 2630
2 3 10201 10288 10332
2 4 10332 10423 10572 10689
2 4 10961 10898 10788 10689
3 4 10961 10898 10868 10802
3 3 10689 10718 10802
3 3 10802 10822 10869
3 3 10802 10890 10933
3 2 10869 10933
1 4 10145 10125 10165 10108
2 3 10145 10234 10360
2 4 10108 10207 10253 10360
1 3 10108 10137 10199
1 4 10073 10153 10200 10199
1 2 10073 10153
1 3 10199 10200 10153
2 2 10262 10153
2 4 10262 10393 10526 10654
1 2 4644 4613
1 3 4644 4818 4938
1 2 4613 4676
2 3 4613 4510 4511
2 3 4676 4510 4511
3 4 4676 4783 4955 5122
2 5 4511 4367 4402 4368 4297
3 4 4938 4910 4973 5122
3 5 9422 9476 9537 9550 9640
2 2 9422 9496
3 2 9615 9640
3 3 9615 9550 9603
3 3 9640 9641 9603
3 5 9640 9641 9603 9576 9496
2 3 9603 9576 9496
1 3 10820 10831 10799
1 4 10820 10980 11122 11155
1 4 10799 10832 10889 11155
1 2 11155 11122
3 3 9114 9115 9058
3 3 1789 1829 1922
3 2 2009 1922
3 3 9779 9790 9724
2 6 9779 9790 9724 9677 9661 9551
3 4 9724 9677 9661 9551
3 5 9724 9677 9661 9551 9491
1 2 9551 9491
3 4 3000 2878 2850 2782
3 3 3000 3042 3033
3 6 3000 3001 3015 3002 2924 2966
2 3 2782 2924 2966
2 3 2909 2949 3033
1 2 476 528
3 4 1760 1785 1786 1722
1 2 1760 1933
3 4 1722 1786 1785 1933
2 2 5382 5504
2 4 5382 5504 5547 5561
2 3 5504 5547 5561
2 3 6087 5934 5765
2 5 6087 6255 6353 6457 6541
2 3 6087 6255 6256
2 3 5765 5634 5561
2 2 5765 5832
2 4 5561 5634 5765 5832
2 2 6494 6664
2 4 6664 6495 6620 6541
3 4 6411 6385 6474 6555
3 4 6411 6458 6541 6678
2 4 6256 6385 6474 6555
2 4 6633 6742 6741 6876
2 3 6633 6762 6931
2 3 6678 6716 6817
2 2 6817 6876
2 3 6876 6877 6931
3 3 6758 6643 6507
3 2 6758 6784
3 4 3470 3404 3326 3395
3 4 3470 3525 3593 3594
3 3 3395 3495 3594
3 5 3395 3445 3434 3472 3396
2 2 3396 3473
2 3 3396 3342 3291
2 3 3473 3342 3291
3 3 3473 3626 3720
3 4 3720 3868 4013 4100
3 3 4100 3974 4000
3 4 4000 4101 4266 4467
3 2 4467 4380
3 5 4380 4538 4539 4697 4802
3 7 5153 5187 5208 5137 5081 4922 4802
3 4 4391 4624 4810 4967
2 3 5093 5131 5246
2 3 5093 5284 5456
3 3 5246 5056 4967
2 2 5246 5435
3 3 6109 6037 6021
3 2 6109 6220
3 4 6109 6220 6181 6150
2 3 6021 6076 5984
2 2 6021 6150
3 2 5984 6038
3 4 6038 6097 6022 5924
3 4 5924 5796 5688 5510
3 3 5510 5476 5501
3 4 5501 5528 5646 5775
2 3 5501 5528 5456
3 3 5775 5661 5456
2 2 5456 5435
3 2 6342 6497
3 5 6342 6283 6122 6165 6220
3 4 6497 6451 6344 6220
2 3 6220 6181 6150
2 6 11078 11186 11265 11343 11413 11482
2 6 11482 11456 11424 11319 11245 11198
3 2 11482 11504
3 5 11482 11529 11535 11613 11670
2 4 11198 11334 11471 11531
2 5 11531 11550 11583 11679 11671
3 3 11504 11482 11529
3 4 11529 11535 11613 11670
3 2 11670 11671
3 2 11670 11697
2 2 11671 11697
3 4 11671 11757 11852 11909
3 5 11697 11726 11781 11852 11909
3 3 5311 5291 5283
3 3 5311 5500 5592
3 2 5311 5434
2 2 5283 5434
3 2 5922 5734
3 5 5922 5956 5794 5839 5867
2 2 5592 5734
2 2 5592 5434
3 5 5734 5752 5794 5839 5867
3 3 5434 5542 5715
3 2 5867 5715
2 2 8808 8941
1 4 8808 8941 8984 8961
2 3 8941 8984 8961
2 3 8941 8822 8876
1 2 8961 8876
2 3 8961 9094 9225
2 3 9225 9248 9366
2 3 9366 9487 9587
2 2 9587 9602
1 5 6618 6574 6526 6527 6696
1 2 6618 6925
1 4 7229 6924 6661 6473
1 2 7229 7492
2 3 6473 6554 6539
1 5 6473 6695 6967 7213 7492
2 5 6539 6573 6642 6909 6910
1 4 6910 7230 7504 7685
1 4 6696 6757 6956 6925
1 3 7492 7533 7648
1 3 7492 7666 7978
1 4 7648 7722 7793 7978
1 3 7648 7933 8026
1 5 7685 7879 7844 7933 8026
1 4 6925 7181 7464 7794
1 6 8026 7933 8078 8046 8133 8105
1 2 7794 8105
2 5 10821 10864 10932 10948 10998
2 3 12741 12837 12896
2 6 12741 12837 12896 13010 13115 13229
2 3 13098 13050 13004
3 5 13098 13169 13248 13340 13298
2 3 13004 12907 12896
3 4 13004 13140 13249 13298
2 3 13004 13034 13106
2 4 12896 13010 13115 13229
2 3 13229 13217 13106
2 3 13388 13377 13378
2 3 13388 13443 13551
3 2 13298 13378
3 3 13298 13217 13106
2 3 13378 13461 13551
2 2 13551 13680
2 4 13680 13737 13721 13776
1 3 13680 13830 13829
2 3 13776 13844 13829
3 4 10995 11054 11108 11192
3 5 10995 10989 10968 10987 10912
3 2 11192 11101
3 3 11192 11231 11292
2 2 10912 10969
2 3 11101 11026 10969
2 4 11101 11170 11231 11292
2 4 11101 11170 11207 11281
3 9 10905 10970 11072 11062 11109 11193 11254 11282 11350
2 2 11292 11281
2 6 6613 6598 6584 6629 6711 6905
2 10 6613 6710 6769 6954 7064 7298 7600 7661 7843 8091
2 3 6905 6809 6888
2 7 6888 6889 6890 6891 6779 6780 6781
2 3 6888 7080 7362
2 4 6781 6977 7190 7336
2 2 7336 7405
2 5 7362 7381 7335 7291 7363
2 3 7363 7336 7405
2 6 7363 7517 7635 7756 7974 8150
2 5 7405 7553 7613 7817 7869
2 3 7406 7425 7350
2 5 7406 7624 7808 7875 8000
2 5 7350 7518 7694 7832 8000
3 5 7350 7518 7694 7832 7922
2 5 8150 8163 8265 8271 8250
2 3 8250 8042 7869
2 4 8250 8406 8516 8659
2 5 8362 8287 8173 8101 8000
2 3 8362 8518 8582
2 4 8362 8430 8601 8602
3 3 7922 7790 7663
3 7 7663 7888 8043 8174 8342 8452 8588
2 5 8659 8671 8611 8631 8582
2 4 8659 8766 8855 8985
3 4 8582 8724 8783 8815
2 5 8602 8632 8651 8682 8588
2 4 8588 8682 8752 8826
2 5 8588 8682 8732 8801 8906
3 3 8985 8919 8815
3 5 8815 8856 8920 9004 9118
2 4 9118 9055 9011 8953
2 4 8953 8878 8800 8774
2 4 8953 9011 9095 9158
2 4 8774 8800 8825 8826
2 4 8826 8887 8879 8906
3 2 8992 9012
2 2 8992 8906
2 6 8992 9063 9111 9119 9173 9158
3 4 9012 8962 9005 9056
3 5 9012 9082 9138 9231 9318
2 5 8906 8844 8775 8683 8613
3 6 9056 8963 8869 8784 8683 8613
2 2 8870 8795
2 5 8870 8907 8827 8742 8743
2 4 8870 9014 9104 9151
2 4 8795 8753 8742 8743
2 4 9158 9249 9289 9318
2 6 9318 9307 9324 9335 9286 9290
2 3 9290 9336 9319
2 4 9290 9220 9160 9057
2 4 9319 9232 9120 9057
2 4 9319 9344 9345 9329
2 3 9151 9250 9329
1 3 8777 8535 8446
1 4 8777 8955 9126 9339
1 5 8446 8570 8707 8898 9015
1 5 8446 8726 8937 9164 9339
2 4 9015 9254 9227 9425
2 4 9339 9371 9372 9425
1 3 9339 9505 9626
3 6 9542 9579 9699 9818 9841 9870
3 3 9870 9780 9713
3 5 9870 9931 9959 9993 10138
1 5 9713 9690 9625 9591 9626
2 4 9713 9858 9993 10138
1 2 2189 2641
1 3 2189 2414 2424
1 4 2488 2348 2311 2332
1 3 2488 2885 3163
1 3 2332 2445 2480
1 3 2332 2777 3163
1 4 2480 2830 3214 3629
1 3 2641 2414 2424
1 4 2641 3140 3451 3584
1 3 2641 3064 3408
1 3 2424 2552 2425
2 3 2425 2732 2861
2 3 2861 2981 3177
1 2 2589 2534
1 3 2589 2958 3178
1 4 2589 2886 3228 3529
1 3 2534 2958 3178
1 2 3629 3584
1 3 3584 3451 3408
1 2 3408 3689
1 4 3177 3439 3528 3689
1 2 3177 3529
2 4 6113 6025 5802 5761
2 2 6113 6250
2 4 5761 5893 5946 6142
2 3 6142 6098 6187
2 3 6142 6066 5966
2 2 6660 6754
3 5 6660 6504 6394 6321 6334
2 3 6754 6775 7003
3 5 6334 6321 6383 6587 6676
3 3 6334 6321 6250
2 4 6676 6569 6408 6237
2 4 6676 6896 7004 7003
2 2 6237 6187
2 5 6187 6098 6142 6066 5966
2 3 7003 7195 7366
2 5 7366 7394 7540 7675 7683
2 3 7683 7675 7664
2 5 7683 7877 8056 8239 8238
2 5 7664 7975 8175 8239 8238
2 6 12787 12755 12685 12717 12767 12798
2 4 12787 12860 12916 12967
2 6 12798 12767 12799 12824 12915 12967
2 5 12967 13015 13122 13127 13201
2 5 13020 13120 13215 13256 13339
2 5 13020 13120 13215 13290 13349
2 3 13201 13283 13349
2 2 13339 13349
2 5 13349 13433 13566 13657 13767
2 3 13767 13823 13836
3 4 13934 13907 13862 13836
1 2 8152 8281
1 6 8785 8755 8768 8642 8495 8281
2 4 8785 8921 9106 9182
1 4 8998 8999 8756 8281
1 4 8998 9276 9331 9446
1 4 8998 9125 9122 9252
2 4 9182 9195 9233 9251
1 2 9251 9330
1 3 9330 9407 9446
1 3 9446 9370 9252
3 5 12623 12691 12766 12829 12887
3 3 12887 12937 13002
3 5 10978 11024 11033 11089 11145
3 7 11145 11191 11230 11308 11320 11397 11427
2 6 11427 11494 11483 11500 11484 11428
3 4 11427 11494 11551 11589
3 5 11428 11484 11566 11625 11699
3 5 11138 11222 11346 11429 11552
3 5 11589 11624 11640 11625 11699
3 4 11699 11809 11853 11893
3 6 11495 11446 11447 11510 11604 11680
3 8 11495 11446 11447 11405 11415 11398 11520 11552
3 3 11680 11784 11843
3 5 11552 11618 11706 11785 11843
3 9 11368 11448 11421 11546 11750 11864 11964 12049 12108
3 8 11368 11448 11421 11546 11642 11796 11880 11937
3 8 11626 11584 11606 11797 11857 11718 11707 11798
3 4 11893 11918 11854 11855
3 5 11893 11918 11991 12032 12081
3 4 11855 11944 12032 12081
3 8 12108 12049 11964 11864 11750 11796 11880 11937
3 3 11798 11986 12136
3 3 12228 12256 12292
3 6 12292 12321 12297 12298 12311 12299
3 5 12299 12342 12346 12372 12312
2 4 7345 7371 7388 7415
2 6 7345 7371 7388 7415 7372 7445
2 3 7415 7372 7445
3 3 7445 7619 7657
3 2 7657 7535
3 5 7535 7536 7570 7750 7769
2 2 9911 9922
2 4 9911 9922 9971 9987
2 6 9911 10002 10120 10175 10272 10396
2 3 9922 9971 9987
2 2 9987 9893
3 4 9893 9940 9994 9995
3 3 9995 9950 9939
3 4 9995 10101 10177 10273
2 3 9939 9881 10019
2 4 9939 10085 10121 10192
3 3 10019 9996 9997
3 4 9997 10102 10212 10291
3 3 10690 10623 10560
3 3 10690 10737 10840
3 2 10690 10738
2 4 10560 10509 10461 10396
2 3 10560 10655 10738
3 3 10273 10363 10472
2 4 10472 10363 10333 10316
3 7 10472 10503 10605 10639 10691 10791 10870
2 4 10472 10473 10594 10657
2 3 10316 10306 10192
2 5 10316 10425 10397 10442 10489
2 3 10192 10211 10291
2 4 10291 10212 10193 10225
2 4 10225 10307 10398 10489
3 3 10840 10780 10738
3 4 10738 10745 10746 10701
3 5 10701 10746 10781 10835 10885
3 5 10885 10891 10878 10899 10870
2 3 10885 10927 10962
2 5 11000 10928 10841 10757 10657
3 3 11000 11040 11005
2 3 10962 11014 11067
3 2 11067 11005
1 5 9816 9772 9689 9662 9642
2 2 9816 9929
1 2 9816 9930
1 5 9642 9662 9791 9874 9930
1 2 9642 9890
2 2 9929 9930
1 4 9930 9875 9904 9890
2 4 8497 8672 8966 9100
1 4 8497 8644 8864 9039
2 2 9100 8946
2 5 9100 9278 9461 9655 9794
1 3 9039 9040 9244
2 5 8946 9154 9321 9427 9618
3 4 9763 9727 9680 9618
3 3 9763 9727 9820
2 4 9618 9681 9715 9803
2 3 9618 9680 9820
2 3 9803 9716 9794
2 7 9794 9748 9691 9538 9409 9373 9244
1 4 152 188 199 250
1 5 250 349 391 505 558
1 2 558 714
1 2 558 679
1 2 621 714
1 4 621 655 730 823
1 4 883 840 720 714
2 2 883 890
1 3 714 720 679
2 3 679 764 890
1 2 935 823
2 3 14621 14632 14660
1 4 14660 14685 14704 14717
1 3 14660 14671 14658
1 5 14717 14704 14685 14682 14658
1 2 14744 14721
1 3 14744 14747 14760
1 3 14721 14746 14759
1 3 14721 14747 14760
1 3 14759 14756 14760
1 3 7891 8095 8178
1 5 7891 8095 8258 8410 8489
1 4 8178 8334 8410 8489
2 3 8489 8368 8381
1 4 8489 8617 8747 8894
2 5 8381 8524 8617 8747 8894
1 4 9237 9224 9030 8894
3 4 6031 5811 5540 5447
3 4 6031 6056 6195 6133
3 4 5447 5730 5994 6133
3 3 6442 6530 6683
3 3 6442 6576 6745
2 4 6683 6700 6637 6684
3 5 6684 6559 6425 6374 6326
3 3 6326 6312 6133
3 6 6326 6312 6461 6621 6718 6840
3 4 7088 6932 6802 6745
3 3 7088 7267 7467
3 3 7088 7355 7506
2 4 6745 6853 6969 7149
3 2 7149 7132
3 2 7149 7284
3 5 7132 7009 6933 6880 6840
3 2 7132 7284
3 3 7854 7712 7467
3 6 7506 7688 7713 7856 7967 8081
3 5 7506 7688 7766 7858 8036
3 5 8081 8110 8047 8111 8036
2 4 10538 10539 10494 10420
1 3 13605 13496 13391
1 4 13605 13663 13705 13687
1 4 13391 13516 13664 13687
1 3 13666 13665 13687
1 5 13666 13700 13787 13858 13905
1 5 13687 13778 13796 13858 13905
1 3 13905 13963 13947
2 3 13905 13911 13927
1 2 13947 13963
2 3 14059 13989 13927
1 4 14059 14042 14018 13963
1 3 14059 14042 14060
2 4 13927 13911 13968 13963
1 3 13963 14018 14060
2 3 5253 5069 5104
2 6 5253 5403 5427 5615 5616 5766
2 5 5104 4985 4960 4944 5024
2 3 5024 5128 5304
2 2 5304 5415
2 3 5304 5363 5562
2 5 5497 5241 5193 5142 5143
2 2 5497 5537
3 5 5143 5242 5255 5385 5517
2 2 6053 5766
2 3 6053 6191 6273
2 4 5766 5698 5618 5415
2 3 5415 5515 5562
2 3 6016 6071 6101
2 3 6016 6145 6274
2 3 6101 6116 6089
3 4 6089 5951 5808 5711
3 4 5711 5564 5548 5516
2 3 5516 5549 5712
2 3 5712 5565 5537
1 4 5712 5788 6017 6193
3 3 5809 5636 5517
1 4 5809 5847 5848 5900
2 4 5809 6018 6213 6437
3 3 5517 5567 5900
2 3 5900 6259 6437
2 4 6273 6258 6210 6274
2 5 6274 6370 6529 6679 6901
3 2 6476 6656
3 2 6476 6603
1 4 6656 6592 6355 6193
2 3 6193 6412 6681
2 4 6681 6604 6744 6990
2 5 6901 6878 6680 6602 6603
2 4 6603 6717 7057 7169
2 2 7169 7294
2 3 7169 7283 7163
2 3 6990 7148 7200
2 4 7294 7369 7283 7163
2 4 7163 7375 7422 7545
2 4 7545 7546 7321 7200
2 6 7545 7546 7321 7200 7131 7086
2 3 7200 7131 7086
3 4 9378 9459 9519 9624
3 4 9624 9696 9736 9744
3 2 9624 9696
3 3 9744 9736 9696
3 2 9744 9771
3 4 10162 10295 10380 10181
3 2 10493 10587
3 5 10659 10630 10566 10649 10587
1 3 11844 11927 11928
1 5 11844 11965 12129 12207 12381
1 2 11928 12005
1 4 12301 12225 12143 12005
1 3 12301 12285 12381
2 4 12301 12314 12221 12195
2 3 12301 12314 12402
2 4 12195 12221 12323 12402
2 4 1677 1762 1863 1967
2 5 1677 1762 1863 1894 1925
2 3 1550 1746 1763
2 4 1550 1671 1777 1925
2 2 1763 1925
2 5 1634 1635 1636 1637 1711
3 4 1634 1635 1817 1998
3 5 1711 1803 1911 1884 1998
2 5 1711 1803 1911 2051 2138
2 4 1967 2064 2125 2214
2 4 2214 2154 2050 1925
2 3 2214 2251 2252
3 3 2252 2283 2406
3 4 2406 2297 2171 2012
3 2 2406 2391
2 3 2012 2126 2233
2 3 2391 2266 2233
3 3 2233 2127 1998
2 3 2233 2253 2317
2 2 2317 2138
3 5 4853 4781 4611 4438 4331
3 4 4853 4972 5001 4871
3 3 2248 2426 2710
3 4 2248 2426 2831 3133
3 3 2710 2901 2800
3 3 2800 3051 3285
3 6 2800 2941 3066 3198 3217 3374
3 4 2608 2723 2902 2887
3 5 2608 2843 3067 3199 3374
3 4 2887 3079 3200 3375
3 5 2887 2929 3116 3244 3335
3 4 2887 2929 2930 2983
3 2 2815 2914
3 4 2815 2955 3283 3567
3 5 2914 3176 3424 3582 3729
3 5 2914 3077 3163 3568 3846
3 2 3263 3477
3 5 3263 3425 3704 3948 4141
3 3 3133 3088 3285
3 4 3133 3332 3548 3664
3 4 3285 3427 3548 3664
3 5 3285 3428 3440 3665 3785
3 4 3374 3503 3622 3744
3 5 3375 3321 3311 3409 3335
3 4 3375 3491 3633 3744
3 4 3375 3492 3646 3777
3 3 3335 3180 2983
3 4 3335 3530 3683 3777
3 4 3501 3490 3643 3567
3 3 3501 3905 4245
3 3 3567 3518 3729
3 5 3729 3906 4148 4650 5109
3 3 3846 4006 4288
3 5 4323 4095 3847 3681 3477
3 3 4323 4450 4409
3 5 3477 3681 4008 4166 4409
3 3 3477 3892 4130
3 2 4141 4272
3 4 4141 4309 4410 4352
3 4 3664 3817 3932 4057
3 4 4194 4110 4028 4057
3 6 4194 4260 4390 4580 4665 4764
3 4 4194 4219 4274 4289
3 3 3785 3819 3744
3 4 3909 3934 3819 3744
3 5 3909 3934 3950 3848 3786
3 3 3909 4111 4289
3 3 3786 3808 3777
3 2 4618 4245
3 4 4618 4693 4806 4633
3 3 4618 4693 4946
3 5 4245 4348 4189 4287 4147
3 4 4147 4472 4928 5108
3 3 4288 4054 4258
3 2 4288 4903
3 5 4258 4246 4077 4109 4218
3 4 4258 4619 5008 4903
3 4 4218 4621 4867 5110
3 3 4712 4880 4843
3 2 4712 4880
3 4 4322 4634 4827 5042
3 5 4322 4432 4603 4790 4807
3 3 4622 4532 4409
3 3 4622 4635 4807
3 4 4409 4308 4247 4130
3 5 4409 4533 4515 4545 4637
3 4 4130 4324 4475 4637
3 3 4130 4324 4272
3 3 4637 4753 4809
3 3 4637 4685 4846
3 3 4809 4664 4686
3 3 4809 4847 4846
3 3 4272 4494 4686
3 6 4686 4547 4548 4604 4579 4352
3 3 4352 4273 4057
3 6 4057 4259 4451 4580 4665 4764
3 3 4633 4806 4946
3 4 4946 5107 5346 5347
3 3 5108 5388 5814
3 2 5109 5670
3 4 4903 5348 5450 5746
3 4 5110 5196 4991 4843
3 2 5110 5307
3 2 4843 4880
3 5 4880 5197 5280 5418 5639
3 2 5042 5071
3 3 5042 5472 5815
3 4 5071 4881 4790 4807
3 3 5071 5144 5145
3 3 5071 5308 5523
3 4 5145 5224 5162 5111
3 4 5111 4966 4932 4846
3 4 5353 5553 5703 5905
3 4 5353 5474 5432 5623
3 2 5475 5299
3 2 5475 5623
3 3 5347 5620 5886
3 3 5814 5658 5622
3 4 5814 6216 6462 6479
3 4 5670 5449 5277 5348
3 3 5348 5450 5746
3 6 5307 5520 5852 5978 6282 6464
3 6 5639 5853 5836 5920 5996 6148
3 3 6120 5921 5815
3 4 6120 6218 6217 6148
3 3 6120 6339 6595
3 4 5523 5685 5791 5954
3 5 5954 6108 6230 6362 6446
3 8 6075 5997 5980 5887 5792 5793 5750 5644
3 4 6075 5997 5980 6059
3 5 5644 5687 5773 5751 5905
3 3 6121 5982 5905
3 4 6121 6299 6363 6466
3 2 6121 6163
3 3 5905 5838 5623
3 3 5886 6313 6479
3 4 5622 6019 6196 6608
3 4 5746 6178 6516 6764
3 4 6464 6626 6790 6949
3 2 6464 6281
3 4 6464 6915 7135 7176
3 3 6949 7094 7176
3 7 6148 6294 6444 6609 6722 6865 6998
3 3 6595 6445 6465
3 3 6465 6548 6649
3 3 6446 6362 6244
3 4 6244 6399 6518 6640
3 5 6244 6200 6162 6136 6059
3 4 6640 6793 6918 6973
3 3 6059 6149 6137
3 4 6137 6314 6448 6564
3 2 6685 6564
3 4 6685 6807 6919 7019
3 3 6564 6581 6466
3 6 6735 6687 6582 6449 6315 6163
3 4 6735 6687 6768 6777
3 2 6735 6708
3 3 6777 6808 6778
3 4 6479 6462 6623 6608
3 5 6608 6561 6882 7034 7187
3 4 7187 7062 6903 6625
3 3 6625 6703 6764
3 3 6764 6647 6281
3 3 7176 7218 7219
3 5 7176 7327 7525 7658 7788
3 3 7219 7249 7236
3 3 7236 7122 6998
3 4 7236 7373 7510 7630
3 5 6998 7015 7047 7016 6936
3 3 6936 7095 7205
3 5 7205 7272 7331 7400 7390
3 5 7390 7400 7461 7526 7672
3 3 7390 7486 7551
3 4 6649 6792 6950 7018
3 3 7018 7037 6973
3 2 7123 6973
3 4 7123 7251 7348 7403
3 4 7019 6885 6734 6708
3 3 7333 7238 7139
3 4 7333 7392 7436 7449
3 4 7333 7404 7487 7515
3 5 7139 7126 6975 6887 6778
3 3 7139 7126 7140
3 5 7140 7209 7374 7424 7515
3 4 7378 7596 7743 7788
3 3 7378 7802 8038
3 3 7788 7658 7578
3 3 7788 7895 8053
3 3 7578 7705 7813
3 4 7630 7644 7571 7511
3 2 7511 7672
3 4 7511 7571 7644 7776
3 4 7551 7673 7804 7961
3 4 7961 7944 7919 7896
3 3 7961 7918 7778
3 3 7961 8063 8128
3 4 7896 7805 7660 7530
3 3 7896 8022 8116
3 3 7403 7391 7530
3 5 7530 7610 7779 7906 8041
3 2 7449 7611
3 5 7611 7721 7867 7907 7921
3 4 8038 8008 7941 8053
3 4 8038 8192 8358 8459
3 4 8053 8205 8295 8459
3 5 8072 8039 7971 7865 7813
3 5 8072 8039 8089 8171 8179
3 3 7813 7775 7776
3 3 8179 8260 8144
2 2 8179 8388
3 4 7776 7841 7996 8144
3 3 8144 8260 8388
3 5 8145 7972 7960 7917 7778
3 6 8145 8312 8402 8581 8658 8782
3 6 8128 8193 8297 8405 8514 8610
2 2 8116 8180
3 3 8180 8194 8195
3 5 8180 8313 8389 8464 8514
3 2 8180 8340
3 3 8041 8159 8195
3 6 8195 8196 8148 8090 8023 7921
3 3 8388 8460 8450
3 5 8450 8461 8581 8658 8782
3 3 8782 8658 8587
3 5 8587 8599 8600 8630 8610
3 5 8514 8464 8389 8361 8340
2 3 4623 4713 4848
2 4 4623 4570 4455 4275
2 4 4848 4652 4455 4275
2 2 4848 5045
3 2 4848 4904
2 4 4848 4904 4933 4882
2 3 4275 4456 4476
2 4 4275 4290 4151 4195
2 3 4476 4339 4195
2 5 4476 4339 4195 4180 4113
2 3 4195 4180 4113
3 2 5045 4904
3 3 4904 4933 4882
1 3 11903 11731 11555
1 3 11903 12015 12014
1 4 11903 12070 12209 12302
2 4 11555 11675 11813 11920
2 5 11920 12023 12057 12182 12302
2 4 12088 12117 12177 12258
2 5 12088 12117 12165 12196 12248
1 3 12258 12293 12248
1 4 12248 12181 12111 12014
2 3 12248 12343 12377
1 2 12209 12302
2 5 12209 12241 12280 12324 12377
2 3 12377 12439 12487
1 3 12487 12516 12540
1 2 12540 12606
2 5 12350 12431 12488 12540 12606
2 5 12350 12476 12558 12639 12712
3 3 12705 12644 12606
3 5 12705 12706 12707 12686 12712
1 4 12606 12658 12686 12712
1 2 12712 12736
1 4 12732 12727 12726 12793
1 4 12732 12819 12861 12977
1 4 12871 12817 12776 12736
1 4 12871 12842 12818 12756
1 2 12736 12756
1 3 12756 12832 12852
1 2 12852 12793
2 4 12852 12960 13056 13092
2 3 12977 13017 13092
1 4 12977 13069 13162 13195
2 3 13092 13181 13195
3 6 6177 6360 6427 6560 6606 6776
3 4 6177 6134 6090 5851
3 5 6776 6819 6789 6863 6881
3 3 6776 6819 6934
3 5 6881 6747 6514 6243 5851
3 3 6881 7011 7076
3 4 6934 7108 7246 7344
3 4 7344 7307 7376 7430
3 3 7076 7150 7387
3 3 7767 7702 7548
3 4 7767 7824 7748 7725
3 4 7548 7560 7604 7568
3 5 7568 7522 7523 7483 7430
3 5 7730 7654 7569 7483 7430
3 3 7730 7811 7873
3 4 7730 7859 7953 8003
3 4 7387 7468 7591 7714
3 5 7714 7682 7741 7742 7826
3 2 7714 7825
3 2 7826 7785
3 5 7785 7768 7862 7902 7982
3 4 7716 7749 7884 7939
3 4 7716 7787 7902 7982
3 2 7939 7995
3 4 7939 8005 8006 8018
3 3 7731 7886 8018
3 6 7731 7940 8097 8158 8244 8320
3 6 7828 7770 7771 7671 7607 7346
3 2 7828 7958
3 4 7828 7770 7929 8088
3 5 7828 7958 8124 8203 8294
3 5 7346 7607 7772 7930 8088
3 4 8275 8036 7900 7725
3 2 8275 8291
3 3 8275 8375 8549
3 4 8275 8376 8438 8475
3 4 8200 8048 7968 7873
3 4 8200 8302 8370 8475
3 5 8003 7953 7954 7883 7825
3 5 8003 8135 8276 8347 8476
3 3 7825 7937 8004
3 6 8004 8049 8085 8168 8307 8441
3 3 8441 8307 8353
3 5 7995 8140 8227 8348 8477
3 4 8018 8122 8244 8320
3 3 8320 8395 8510
3 3 8320 8395 8371
3 3 8088 8126 8259
3 3 8291 8375 8549
3 4 8759 8797 8873 8851
3 3 8759 8867 8948
3 4 8851 8760 8693 8586
3 4 8851 8873 8895 8948
3 3 8851 8881 8924
3 3 8476 8573 8586
3 4 8476 8382 8424 8383
3 5 8586 8736 8812 8881 8924
3 4 8383 8440 8457 8353
3 4 8353 8551 8626 8748
3 4 8718 8703 8665 8458
3 3 8718 8805 8917
3 2 8458 8477
3 4 8477 8561 8562 8510
3 4 8627 8772 8813 8960
3 3 8627 8763 8806
3 4 8510 8620 8719 8806
3 4 8371 8492 8575 8596
3 5 8596 8654 8710 8789 8806
3 3 8294 8246 8259
3 2 8948 9069
3 6 8924 8995 9024 9088 9186 9264
3 6 8924 8861 8833 8780 8788 8761
3 2 9264 9258
3 2 8761 8748
3 3 8748 8804 8909
3 2 9018 8909
3 5 9018 9061 9171 9202 9265
3 3 9018 9124 9238
3 3 8909 8950 8917
3 5 8917 8843 8819 8903 8960
3 3 8960 9090 9187
3 5 9069 9075 9169 9229 9322
3 3 9322 9377 9457
3 5 9457 9377 9314 9315 9258
3 2 9457 9560
3 4 9258 9348 9404 9451
3 4 9451 9390 9326 9265
3 5 9451 9390 9391 9405 9357
3 3 9357 9305 9238
3 5 9238 9214 9259 9247 9187
3 5 9560 9649 9731 9830 9917
3 3 9917 9942 9998
3 5 9485 9585 9651 9652 9673
3 6 9485 9599 9686 9752 9809 9899
3 3 9673 9789 9854
3 4 9998 9978 9953 9899
3 4 9998 10048 10105 10160
3 4 10160 10171 10205 10216
3 4 10160 10229 10279 10319
3 6 10216 10172 10123 10042 9954 9854
3 2 10216 10308
3 5 10319 10389 10452 10468 10492
3 5 10319 10279 10280 10281 10308
3 3 10492 10377 10308
2 2 2879 3055
2 3 2879 3055 3170
1 3 2852 3017 3034
1 2 2852 3056
1 3 3034 3017 3056
2 4 3349 3210 3137 3016
1 3 3349 3350 3275
2 4 3016 3137 3211 3275
2 4 3016 3043 3044 3055
2 4 3275 3328 3485 3640
2 3 3640 3543 3419
2 3 3170 3276 3419
2 4 3170 3128 3240 3380
3 3 3380 3511 3604
2 4 3380 3277 3171 3056
3 5 3604 3597 3641 3546 3605
1 2 13338 13289
1 4 13338 13436 13550 13694
1 3 13289 13241 13252
1 4 13252 13330 13386 13469
1 5 13252 13253 13208 13254 13263
1 4 13469 13347 13254 13263
1 3 13469 13582 13702
1 3 13694 13736 13669
1 3 13669 13628 13702
1 4 13669 13775 13798 13812
2 3 13812 13972 14109
2 4 13750 13760 13751 13695
3 4 13750 13834 13921 13951
2 3 13695 13756 13809
1 4 13809 13867 13878 13952
1 3 13952 13915 13961
2 3 14109 14203 14265
1 3 14073 14012 13950
1 3 14073 14152 14265
2 4 14073 14119 14153 14135
2 7 13950 13976 13984 13985 13965 13977 13938
2 6 13950 13976 14074 14075 14136 14126
2 6 13938 13986 14040 14082 14092 14126
3 2 13938 13951
2 4 14126 14155 14172 14145
2 3 14126 14180 14232
3 5 13951 14023 14066 14101 14145
3 3 13951 13930 13961
1 4 14145 14087 14013 13961
3 5 14145 14186 14207 14208 14270
1 4 13961 13999 14076 14115
3 4 14115 14159 14230 14270
3 5 14265 14334 14395 14455 14504
2 4 14135 14154 14215 14232
2 4 14232 14278 14335 14385
3 5 14270 14303 14341 14406 14438
3 5 14504 14521 14517 14510 14491
2 4 14491 14471 14505 14477
2 3 14477 14430 14385
2 2 14385 14438
1 2 6987 6816
2 4 6987 6986 7182 7420
1 5 6816 7043 7232 7429 7589
2 5 7420 7428 7723 7834 8066
2 3 7589 7798 8066
1 4 7589 7650 7737 7724
3 6 7765 7846 7822 7925 8002 8108
2 3 7765 7911 8014
3 5 8066 8299 8486 8633 8734
1 4 7724 8013 8107 8255
3 5 8255 8289 8184 8212 8108
1 2 8255 8590
2 5 8014 8109 8257 8300 8373
2 4 8014 8177 8374 8591
3 4 8734 8709 8624 8590
1 5 8590 8841 8980 9130 9271
2 4 8474 8437 8317 8373
1 5 8474 8634 8841 8893 9074
1 5 8474 8634 8841 8980 9168
2 4 8373 8487 8571 8591
2 6 8373 8487 8571 8735 8796 8915
1 4 8591 8690 8817 8770
1 3 8591 8796 8915
1 3 8770 8817 8915
1 3 9271 9199 9074
1 3 9074 9130 9168
1 3 9397 9469 9478
1 3 9397 9470 9541
3 4 9643 9644 9552 9478
3 7 9643 9644 9589 9632 9504 9590 9541
1 2 9541 9698
1 2 9698 9857
2 4 9856 9905 9891 9857
2 2 9080 8912
2 2 9080 8996
2 3 8912 8951 8996
2 3 8912 9002 9117
2 10 8996 9093 9203 9284 9328 9415 9525 9623 9675 9796
2 3 9465 9416 9296
2 5 9465 9535 9637 9720 9797
2 3 9117 9194 9296
2 3 9296 9285 9306
2 3 9417 9436 9536
2 2 9417 9359
3 2 9306 9217
3 5 9217 9205 9352 9455 9517
2 2 9796 9797
2 7 9796 9884 9966 10091 10217 10378 10453
3 2 9797 9768
3 5 9768 9812 9693 9601 9536
3 2 9768 9812
2 3 9536 9441 9359
3 4 9536 9601 9693 9812
2 4 9359 9352 9455 9574
2 4 9359 9352 9455 9517
2 2 9574 9517
3 5 10453 10477 10598 10674 10723
3 3 10497 10487 10600
2 4 10411 10467 10476 10516
2 5 10411 10387 10293 10237 10186
1 3 10516 10376 10186
1 3 10186 10366 10399
1 6 10186 10376 10476 10648 10741 10903
1 4 10903 11053 11177 11240
1 3 11084 11071 10994
1 2 11084 11176
1 3 10994 11152 11240
2 5 11273 11359 11291 11239 11229
1 4 11273 11261 11251 11176
1 3 11273 11425 11437
2 3 11229 11239 11176
2 5 11229 11326 11362 11394 11437
2 6 27 89 118 122 162 243
2 4 27 89 118 244
2 6 22 29 84 51 79 80
2 2 22 90
2 2 101 231
2 4 243 128 108 74
2 4 243 162 251 244
2 5 80 79 114 164 221
2 3 80 176 293
2 5 95 99 166 136 167
2 6 95 233 368 480 603 646
1 2 105 203
1 3 105 222 294
2 4 261 236 149 74
2 4 261 351 405 516
2 5 74 149 292 472 650
1 2 333 203
2 4 333 297 189 167
1 4 119 150 153 154
1 3 119 184 294
2 4 154 295 429 509
2 6 247 314 411 548 647 717
1 3 452 451 436
2 3 452 553 683
2 4 315 423 508 562
2 7 315 379 380 383 384 385 386
2 5 231 381 554 681 812
2 4 244 163 87 90
2 3 244 374 569
2 3 90 259 466
2 5 167 321 413 437 534
1 3 294 469 574
2 2 357 509
1 2 357 522
2 4 362 343 334 213
2 2 362 546
2 5 213 334 343 362 546
2 5 717 743 656 731 795
2 6 457 537 601 690 817 802
2 6 457 533 628 680 809 878
1 4 436 576 707 802
2 3 683 810 841
2 3 562 684 819
2 3 386 336 305
1 6 386 486 617 770 779 895
2 6 305 404 468 637 765 866
2 4 516 512 517 650
2 3 516 645 747
2 2 650 850
2 2 424 602
2 5 424 602 622 748 927
2 4 221 356 397 570
2 7 221 273 345 502 652 806 972
2 5 293 463 581 638 833
2 3 646 828 1080
2 3 353 469 574
2 4 353 453 604 767
2 6 509 599 624 642 692 834
2 6 802 817 976 970 1003 1111
1 5 895 923 924 904 866
2 3 895 997 1090
1 5 866 977 1058 1130 1191
2 5 866 977 1057 1132 1243
2 4 812 811 1005 1125
2 6 747 737 796 842 843 850
2 3 602 657 569
2 4 602 622 748 927
2 6 569 651 859 950 1105 1211
2 3 466 590 570
2 4 466 667 798 980
2 5 570 709 789 827 980
2 2 833 1072
2 4 833 1037 1271 1527
2 3 534 733 767
2 3 534 733 942
2 5 574 668 791 821 834
1 2 522 546
2 6 522 739 955 1038 1311 1600
1 2 1047 956
2 3 1047 1109 1184
1 4 1047 1109 1184 1287
1 2 1047 1017
1 3 956 952 1017
2 4 795 885 891 975
3 2 795 885
1 3 975 1095 1215
2 5 878 945 1019 1102 1110
2 4 878 1023 1088 1178
2 3 1110 1187 1296
2 2 1110 1172
2 5 1111 1140 1188 1255 1307
2 3 841 947 940
1 4 841 996 1122 1226
2 4 940 903 879 819
2 5 940 1049 1148 1149 1150
2 4 819 948 997 1090
2 4 819 894 1056 1150
2 4 1090 1199 1309 1480
2 4 1191 1131 1258 1349
2 6 1125 1181 1174 1282 1350 1351
2 4 1125 1181 1366 1454
2 4 850 979 1061 1192
1 3 850 1034 1217
2 3 1192 1091 927
2 3 1192 1244 1301
2 4 927 1126 1290 1403
2 6 980 1219 1444 1569 1756 1992
2 2 972 1220
2 3 972 874 1072
2 4 1080 1164 1321 1527
2 2 1080 1405
2 3 1286 1167 1184
2 5 1286 1410 1511 1490 1522
2 2 1287 1448
1 4 1287 1185 1094 1017
2 2 1448 1464
2 3 1448 1604 1712
3 5 1017 939 936 922 885
3 6 1395 1277 1154 1068 953 885
2 6 1395 1364 1449 1575 1574 1690
2 3 1395 1501 1622
2 3 1512 1401 1215
2 5 1512 1561 1577 1691 1699
3 4 1178 1295 1333 1378
2 4 1178 1186 1240 1241
3 3 1378 1333 1241
3 5 1378 1423 1478 1543 1562
2 4 1241 1340 1424 1551
2 2 1296 1172
2 3 1296 1389 1492
2 4 1307 1425 1450 1564
2 2 1325 1226
2 2 1325 1326
2 3 1325 1437 1565
2 2 1226 1326
2 3 1327 1257 1150
2 7 1327 1438 1503 1582 1606 1692 1794
2 5 1480 1494 1481 1495 1453
2 2 1480 1595
2 4 1453 1329 1335 1243
1 3 1453 1495 1608
2 3 1453 1441 1496
2 4 1349 1597 1640 1664
2 5 1351 1367 1357 1200 1217
1 4 1217 1485 1665 1956
2 4 1217 1468 1718 1944
2 4 1301 1443 1626 1956
2 5 1301 1469 1673 1888 2068
2 4 1268 1404 1456 1628
2 4 1268 1420 1683 1958
2 6 1211 1352 1457 1656 1756 1992
2 4 1211 1352 1546 1824
2 5 1220 1270 1587 1825 1959
2 7 1220 1270 1587 1666 1932 2192 2273
1 4 1072 1302 1431 1527
2 5 1072 1320 1697 1902 2273
1 5 1527 1538 1657 1414 1405
2 7 942 1073 1222 1459 1570 1599 1643
2 5 1522 1490 1511 1523 1464
1 3 1464 1604 1712
2 2 1712 1936
2 4 1936 2084 2085 2202
2 4 1936 2084 2254 2327
2 7 1690 1574 1678 1749 1738 1842 1873
2 3 1622 1714 1873
2 5 1699 1865 2000 2052 2065
2 4 1699 1833 2088 2255
2 3 1562 1623 1766
2 5 1766 1700 1654 1591 1551
2 4 1766 1898 2003 2089
2 5 1551 1679 1715 1779 1914
2 2 1914 2066
2 4 1492 1605 1780 1915
2 4 1915 1939 1914 2066
2 2 1564 1716
2 3 1716 1805 2004
2 6 1565 1662 1837 1952 2077 2159
2 4 1794 1781 1739 1819
2 4 1819 1899 2015 2160
2 4 1819 1855 1916 1954
2 3 1595 1782 1954
1 3 1856 1615 1608
2 3 1856 1942 1988
2 5 1608 1609 1596 1583 1496
2 3 1664 1929 2287
2 3 1454 1598 1769
1 3 1956 2132 2068
2 5 1673 1627 1617 1504 1403
2 3 1673 1888 2068
2 5 1673 1888 2027 2069 2289
2 6 1403 1413 1487 1455 1505 1628
2 4 1628 1857 1991 1958
2 4 1992 2190 2028 1917
2 3 1992 1876 1824
2 5 1917 1771 1809 2029 1959
2 5 1405 1667 1827 2057 2290
2 6 1643 1658 1918 2145 2509 2931
2 4 1643 2079 2462 2544
2 3 2408 2514 2656
2 3 2408 2515 2569
1 2 2202 2327
2 5 2328 2156 2183 1999 1873
2 4 2328 2357 2517 2588
2 5 2328 2529 2658 2869 3057
3 3 2358 2234 2065
3 3 2358 2330 2438
2 2 2255 2469
2 3 2089 2256 2299
2 2 2299 2409
1 3 2571 2441 2454
2 3 2571 2455 2636
2 4 2004 2259 2455 2636
2 2 2159 2344
1 3 2344 2411 2531
2 4 2160 2310 2533 2774
2 4 1954 2104 2105 2286
2 5 1988 2110 2331 2573 2638
2 6 1769 1930 2112 2346 2639 2927
2 5 1944 2131 2161 2369 2423
2 4 2289 2321 2187 2301
2 6 2290 2428 2303 2107 1972 1877
2 5 2290 2428 2303 2590 2610
1 4 1877 2274 2508 2610
1 4 2656 2717 2649 2569
1 2 2569 2516
1 3 2569 2707 2757
1 3 2516 2586 2757
2 4 2516 2586 2587 2588
2 3 2757 2587 2588
2 5 2588 2657 2839 3018 3057
2 5 3057 3045 3112 3153 3138
1 3 2438 2487 2694
2 4 3058 2880 2795 2694
2 2 3058 3138
2 2 3058 3173
2 3 2469 2650 2769
2 2 2769 2881
2 6 2881 2882 2939 3020 2967 2871
2 6 2409 2440 2549 2659 2797 2871
2 4 2871 2798 2633 2634
2 4 2634 2728 2872 3021
2 5 3021 2872 2810 2635 2454
1 4 2454 2605 2799 2969
2 4 3160 2952 2859 2531
2 5 3160 3185 3195 3261 3159
2 4 2774 3046 3400 3488
2 5 2286 2443 2606 2827 3094
1 4 2638 2828 3047 3094
1 3 2287 2457 2720
1 3 2720 2940 2927
2 3 2720 3162 3296
2 6 2927 2639 2444 2186 2067 2238
2 5 2238 2067 2172 2246 2423
2 9 2238 2067 2347 2560 2761 3048 3356 3565 3794
2 4 2247 2502 2551 2776
2 5 2247 2502 2829 3196 3407
2 3 2776 2503 2301
1 4 2776 2884 3196 3407
2 3 2544 2711 2817
2 6 2544 2833 3218 3531 3692 3849
2 5 3173 3154 3292 3384 3513
2 4 3513 3351 3447 3421
2 3 3421 3498 3398
2 4 3421 3498 3514 3515
2 3 3398 3514 3515
2 4 3398 3514 3578 3661
2 2 3515 3661
2 5 3661 3628 3486 3449 3463
2 4 3463 3308 3213 2969
2 3 3463 3579 3677
1 4 3678 3487 3353 3159
1 2 3678 3783
2 4 3678 3768 3804 3902
1 4 3094 3047 3161 2954
2 4 2954 3295 3598 3888
2 3 3296 3282 3354
2 5 3296 3617 4003 4270 4566
2 5 3354 3618 3805 4025 4126
2 4 3242 3517 3726 3946
2 3 3242 3527 3742
2 5 3407 3387 3466 3714 3742
2 6 2817 3219 3519 3787 3850 3849
1 4 3677 3767 3943 4107
1 4 4107 3943 3958 3783
1 4 4107 4139 4091 4067
2 3 3783 3886 3902
2 3 4067 4040 3902
2 3 4067 4285 4254
2 2 3902 3769
2 4 3769 3770 3870 3903
2 4 3903 4125 4255 4471
2 5 3903 4076 4241 4373 4528
2 6 3488 3400 3499 3580 3500 3437
2 4 3437 3680 3771 3888
1 5 3437 3680 3771 3888 4093
2 2 3888 4093
2 2 4566 4708
2 4 4126 4316 4543 4681
3 2 4126 4317
2 4 3794 3890 3945 3946
2 4 3946 3945 4188 4319
2 3 3946 4127 4244
2 2 4016 3742
1 3 4016 4164 4244
2 3 4527 4344 4254
2 4 4527 4564 4513 4657
2 4 4254 4405 4513 4657
2 4 4254 4269 4345 4471
2 2 4657 4471
2 6 4471 4486 4372 4446 4373 4528
2 6 4678 4447 4346 4162 4242 4093
2 6 4678 4825 4986 4894 5055 5087
2 6 4093 4242 4426 4680 4863 5087
2 3 4708 4734 4826
2 2 4710 4681
2 2 4710 4895
2 3 4681 4490 4544
3 2 4544 4317
2 3 4544 4761 4962
3 4 4317 4408 4337 4318
2 4 4682 4491 4337 4318
2 3 4682 4761 4962
2 2 4318 4449
2 2 4319 4449
2 4 4449 4649 4879 5040
2 3 5087 5177 5343
1 2 5343 5194
2 3 5194 4988 4826
2 4 4895 4901 4961 5105
2 3 5105 5244 5213
2 3 5213 5106 4962
2 6 4962 4915 5026 5027 4916 5040
2 4 3799 3810 3837 3824
2 2 3799 4085
2 2 3824 3995
2 4 3824 3837 3993 4085
2 3 3995 4136 4265
1 4 3995 3994 4086 4085
2 5 4265 4120 4050 3960 3879
2 3 4265 4120 4050
2 3 3879 3960 4050
2 4 3880 3997 4087 4183
2 4 3880 3998 4064 4251
2 3 4065 4158 4251
1 3 4065 4171 4313
2 5 4085 4234 4282 4400 4414
2 3 4672 4520 4414
1 2 4672 4888
3 2 4674 4439
1 2 4674 4854
2 4 4050 4137 4209 4183
3 3 4439 4401 4183
3 2 4439 4689
2 4 4689 4889 4890 5003
2 2 4251 4417
2 3 4417 4675 4782
2 2 4782 5003
3 2 4313 4142
1 4 5206 5152 4979 4888
2 3 5206 5316 5285
2 4 5285 5173 5079 5119
2 5 5285 5335 5293 5396 5397
2 2 5285 5488
2 3 5119 5286 5397
2 4 5397 5396 5436 5488
1 2 4854 5099
2 2 5099 5317
2 5 5317 5294 5359 5235 5207
2 2 5003 5207
1 3 8967 8848 8686
1 3 8967 9235 9399
1 3 8686 8687 8675
2 4 8675 8900 8957 9086
2 3 8699 8708 8859
2 4 8699 8880 9048 9086
2 5 8859 9042 9223 9354 9523
3 5 9086 9279 9375 9456 9480
2 3 9805 9853 9750
1 3 9805 9894 10038
2 5 9750 9704 9581 9507 9399
1 2 9399 9410
2 3 9399 9607 9783
2 5 9410 9508 9628 9682 9785
3 5 9410 9508 9522 9531 9480
2 3 9785 9718 9683
2 3 9785 9786 9787
3 3 9480 9596 9683
1 2 9705 9523
1 3 9705 9765 9787
2 2 10038 9924
2 4 9924 9936 10095 10256
1 2 10256 10373
2 3 9783 9973 10149
1 3 10149 10335 10409
1 3 9787 9829 9989
1 5 9989 10039 10056 10213 10327
1 4 10373 10530 10644 10693
1 3 10373 10437 10531
1 3 10409 10522 10531
1 2 10327 10450
1 2 10693 10531
1 3 10531 10682 10703
1 3 10531 10693 10836
1 3 10703 10576 10450
1 4 10703 10837 10846 10836
1 4 10703 10793 10920 10977
1 5 10450 10645 10814 10956 10967
1 3 10977 10956 10967
1 3 11160 11047 10947
2 3 272 392 492
1 3 583 721 774
1 3 583 644 584
1 4 492 484 585 584
1 2 774 876
2 4 1001 990 902 876
2 3 1001 1076 1129
2 3 1015 960 858
1 3 1015 1087 1129
2 2 858 944
1 4 1355 1304 1205 1129
3 4 3105 3012 2994 2995
2 4 5829 5741 5651 5586
2 3 5829 5949 6051
2 5 5586 5696 5763 5786 5742
2 5 6051 5877 5897 5786 5742
3 3 6051 6226 6271
2 3 5742 5861 5764
1 5 5742 5709 5653 5514 5443
2 3 5764 5666 5443
2 4 10499 10627 10744 10834
3 4 6739 6698 6528 6420
3 2 6739 6899
1 5 6099 6100 6028 6010 5968
1 3 6099 6239 6336
1 6 5377 5533 5584 5676 5805 5968
2 2 5377 5378
2 5 5968 5805 5676 5584 5378
1 4 5968 6010 6028 6254
1 3 6336 6590 6813
1 3 6336 6384 6254
1 4 6813 6590 6384 6254
1 2 4384 4237
1 4 4384 4559 4614 4724
3 6 4237 4174 4212 4315 4369 4385
1 2 4724 4875
3 3 4541 4420 4385
2 4 4541 4691 4760 4819
3 5 4385 4420 4542 4597 4645
2 4 4645 4484 4370 4298
2 3 4645 4725 4819
2 3 4645 4803 4924
2 4 4298 4253 4238 4299
3 4 4561 4646 4575 4525
3 5 4561 4701 4804 4957 5101
2 3 4299 4387 4525
2 4 4525 4444 4468 4371
1 4 4702 4677 4576 4501
2 3 4702 4785 4940
2 2 4371 4501
2 3 4647 4501 4423
2 4 4647 4786 4927 5086
1 3 4423 4469 4728
2 3 4728 4526 4445
1 3 4728 4837 5006
1 2 4728 4857
2 7 4445 4470 4388 4335 4343 4404 4485
2 5 4445 4562 4729 4821 4858
1 2 4485 4732
2 3 4732 4893 5023
3 3 4956 5065 5209
3 2 4956 4875
1 3 5209 5100 4875
1 2 5209 5320
2 2 5320 5237
2 4 5237 5123 4982 4819
2 3 5237 5268 5138
1 3 5138 5035 4924
2 3 5138 5252 5360
2 3 5360 5190 5101
2 3 5101 5287 5295
2 5 5101 5124 5191 5220 5139
2 4 5295 5296 5381 5401
2 3 5139 5381 5401
2 5 5423 5321 5210 5083 4940
2 5 5423 5412 5361 5362 5297
2 5 4940 5005 5084 5192 5297
2 2 5297 5337
2 3 5297 5238 5086
2 3 5337 5238 5155
2 2 5086 5155
2 2 5155 5301
2 3 5301 5221 5103
1 2 5006 4857
2 3 5006 5102 5103
2 3 5103 5271 5239
2 2 5103 4858
2 4 5239 5140 5053 4858
1 4 4858 5053 5066 5157
1 2 5157 5289
2 3 5157 5037 5023
2 3 5289 5176 5023
1 3 5289 5273 5274
2 3 5023 5126 5274
2 6 11603 11712 11819 11876 11973 12019
1 4 11603 11712 11793 11831
2 3 11669 11779 11807
2 6 11669 11704 11734 11774 11877 11908
2 5 12019 11973 11974 11952 11831
2 4 12019 12085 12149 12239
1 3 11831 11907 11917
2 2 11917 11807
2 3 11917 12002 12001
2 2 11908 11878
2 5 11878 11908 12029 12107 12224
2 4 12239 12187 12095 12001
1 3 12239 12319 12385
2 3 12001 12002 11989
2 4 11989 12079 12107 12224
3 3 12278 12255 12246
2 4 12385 12415 12462 12485
2 4 12485 12481 12417 12371
2 4 12371 12327 12271 12246
2 5 12246 12340 12429 12475 12534
2 6 12246 12340 12386 12486 12524 12619
2 4 12534 12612 12632 12619
3 5 11142 11185 11175 11204 11220
3 5 11142 11238 11250 11354 11403
2 3 11463 11499 11570
2 4 11463 11499 11534 11528
3 7 11220 11280 11307 11325 11387 11443 11469
3 3 11469 11426 11403
3 3 11469 11476 11528
2 3 11570 11534 11528
1 2 14388 14345
1 3 14388 14442 14494
1 3 14345 14354 14348
1 3 14348 14372 14402
1 4 14402 14465 14516 14540
2 3 14494 14536 14567
2 3 14567 14547 14540
2 5 201 194 193 178 160
2 4 201 358 538 718
2 2 146 160
2 4 146 141 168 185
2 6 160 308 431 504 592 694
2 7 185 285 419 503 565 741 906
2 2 718 694
2 5 718 875 943 988 1151
2 4 906 763 653 754
2 3 906 1053 1247
2 5 754 726 773 727 694
3 4 2874 2845 2788 2668
3 4 2874 3068 3229 3389
2 4 2668 2763 2888 2917
2 2 2668 2932
2 4 2917 2888 2916 2932
2 4 2917 2942 3052 3312
2 2 3080 3312
2 6 3080 3322 3376 3264 3245 3289
2 4 2680 2945 3230 3289
2 2 2680 3098
2 6 3053 3363 3480 3611 3732 3694
2 3 3053 3364 3695
2 3 2746 3025 3145
3 5 2746 3025 3231 3313 3505
1 4 3145 3314 3494 3533
2 4 3389 3229 3038 2932
2 4 3389 3607 3788 3986
2 4 2932 3143 3337 3635
1 2 3635 3911
2 5 3289 3552 3551 3717 3913
2 5 3098 3555 3669 4029 4263
3 5 3505 3650 3624 3862 3861
3 5 3505 3650 3863 3991 4231
2 6 3533 3506 3589 3507 3508 3573
1 4 3533 3506 3265 3026
2 3 3573 3323 3026
2 3 3573 3696 3874
2 2 3711 3866
2 3 3986 4221 4477
2 3 3911 4224 4549
2 4 3716 3668 3504 3648
2 4 3716 3970 4226 4478
2 3 3648 3912 3913
2 4 3648 3952 4197 4300
2 3 3913 3820 4018
2 4 4018 4152 4262 4263
2 3 3988 3987 3694
2 3 3988 3989 3990
2 3 3695 3748 3990
2 4 3695 4011 4059 4293
2 4 3861 4019 4099 4231
2 3 3861 4114 4293
2 6 4231 4115 4153 4116 4117 4060
2 3 4060 4276 4392
3 2 3874 4083
2 4 3898 3708 3521 3377
3 5 3898 4020 4135 4118 4073
2 3 3898 4084 4279
3 5 3377 3652 3821 3937 4073
3 2 4073 4281
1 4 3899 4046 4155 4154
2 6 3899 3917 4200 4312 4466 4518
2 5 3918 4074 4202 4330 4518
3 6 3918 4074 4203 4360 4507 4592
2 4 3876 3750 3734 3560
2 2 3876 3919
1 4 3560 3638 3699 3866
3 2 4012 3866
3 2 4012 4207
2 3 4516 4607 4477
3 4 4516 4849 5046 5227
2 3 4549 4550 4478
2 3 4549 4715 4793
2 5 4478 4812 5077 5261 5575
2 5 4300 4552 4754 4917 5132
2 4 4572 4667 4739 4830
2 2 4572 4814
2 5 3990 4045 4291 4292 4293
2 5 4816 5015 5095 5170 5202
2 4 4816 4718 4796 4885
3 4 4392 4311 4232 4083
1 4 4585 4719 4798 4999
2 6 4585 4746 4766 4747 4869 4977
2 3 4586 4435 4279
2 4 4586 4687 4869 4977
2 3 4279 4280 4281
3 4 4281 4395 4498 4720
3 3 4720 4921 5060
2 3 4294 4233 4154
2 5 4294 4465 4688 4887 5061
2 3 4154 4375 4587
2 6 4587 4588 4589 4590 4627 4518
3 4 4518 4610 4591 4592
3 3 4592 4519 4398
3 6 4592 4519 4398 4205 4062 3919
3 4 4398 4205 4062 3919
3 6 4398 4519 4592 4757 4780 4909
3 5 3919 4033 4048 4049 4207
3 5 5227 5147 5012 4883 4793
3 2 5227 5329
2 5 5596 5502 5355 5369 5329
3 4 5596 5777 6023 6166
1 5 5596 5777 5857 5959 6003
2 5 5575 5797 5888 5942 6003
2 5 5132 4917 4754 4716 4459
2 3 5132 5479 5689
2 3 4459 4460 4830
2 2 4814 4654
2 5 4654 4717 4755 4997 5094
2 4 5094 5116 4852 4742
2 3 4742 4970 5202
2 3 5218 4998 4885
2 3 5218 5313 5598
2 2 4885 4886
2 2 4886 4999
1 3 4999 5149 5373
2 3 5373 5630 5799
2 4 5373 5422 5555 5556
2 2 4977 5117
2 3 5117 5016 5060
2 4 5060 5219 5356 5577
2 4 5334 5204 5033 5061
2 3 5334 5602 5781
2 4 5334 5603 5604 5759
2 6 5061 5033 4952 5062 4978 5051
3 4 5051 5078 5151 5264
3 4 5264 5151 4971 4909
3 3 5264 5607 5721
3 3 6166 6077 6003
1 5 6003 5942 5888 6004 5925
3 2 6003 6182
2 2 5925 5689
3 5 5925 6004 6123 6167 6182
1 4 5925 6061 6231 6469
3 4 5689 5858 6039 6221
3 4 6221 6110 6024 5737
3 4 6221 6380 6345 6469
3 4 6221 6317 6431 6600
2 3 5737 5690 5483
2 3 5483 5647 5705
2 6 5483 5647 5907 6139 6381 6567
2 4 5705 5663 5486 5487
2 5 5705 5961 6232 6405 6567
2 3 5487 5626 5627
2 4 5627 5628 5872 5962
2 3 5627 5943 6234
2 2 5962 5691
2 4 5691 5629 5529 5530
2 4 5530 5463 5464 5598
2 4 5598 5778 5798 5987
2 2 5598 5986
2 5 5987 5944 6041 6042 6043
2 3 5799 6042 6043
2 4 5556 5779 6045 6236
2 3 6236 6406 6568
2 5 5577 5578 5719 5692 5781
2 3 5577 5780 6048
2 3 5781 5692 5945
2 6 5945 6111 6287 6433 6631 6828
2 4 5945 5963 6153 6249
2 3 5759 5891 6112
2 5 5759 5910 6082 6081 6249
1 3 6112 5892 5721
2 6 6600 6669 6689 6670 6566 6567
2 3 6233 6206 6234
2 3 6233 6535 6725
1 2 6234 6521
1 3 6521 6487 6614
2 5 6614 6615 6651 6616 6552
1 2 6614 6795
3 2 6552 6470
3 6 6470 6522 6672 6827 6980 7129
2 3 5986 6264 6499
2 4 6499 6726 6907 7023
1 4 6652 6523 6235 6043
1 3 6652 6753 6941
2 5 7025 6847 6782 6617 6568
2 3 7025 6871 6941
2 4 6568 6617 6782 6981
2 3 6048 6267 6471
2 4 6471 6503 6631 6828
2 6 6471 6524 6568 6617 6782 6981
2 2 6828 7026
2 4 6725 6770 6906 6795
2 5 6795 6978 7081 7128 7239
2 3 7239 7111 7068
2 5 7239 7351 7437 7625 7728
3 5 7068 7158 7178 7192 7129
2 5 7068 7256 7393 7539 7728
3 6 7129 7193 7099 7022 7112 7023
2 4 7023 7024 7082 7179
2 3 7179 7159 6941
3 5 7026 7180 7364 7502 7582
3 6 7582 7695 7758 7819 7890 7947
2 5 10043 10164 10183 10221 10134
2 4 10043 10135 10248 10339
2 6 10134 10206 10329 10482 10582 10661
2 4 10661 10554 10568 10533
2 2 10339 10413
1 2 10413 10381
1 3 10413 10496 10533
2 3 10381 10323 10284
2 3 10284 10382 10485
3 3 10284 10285 10266
3 4 10485 10383 10357 10266
1 6 10485 10484 10534 10569 10662 10705
1 7 10485 10456 10518 10583 10687 10798 10875
2 2 10324 10261
2 4 10324 10414 10434 10508
2 6 10324 10414 10507 10571 10676 10875
2 4 10261 10330 10434 10508
2 3 10508 10525 10546
1 3 10546 10677 10771
1 3 10533 10631 10705
2 4 10875 11092 11208 11313
1 2 10875 11002
1 3 10771 10910 11002
2 4 11313 11208 11092 11002
2 3 8565 8566 8567
2 3 8565 8713 8705
2 4 8567 8555 8608 8680
2 2 8567 8705
3 2 8680 8793
2 2 9046 8952
3 5 9046 9137 9239 9343 9393
3 3 8952 8877 8793
3 3 8793 8798 8835
3 2 9393 9458
3 5 9770 9669 9588 9488 9458
3 4 9770 9889 9945 9956
3 7 10173 10151 10130 10032 9982 9945 9956
3 3 10173 10218 10321
2 5 9401 9402 9364 9403 9332
2 3 9401 9547 9532
2 5 9332 9403 9484 9473 9532
1 3 9332 9403 9484
2 3 9611 9648 9629
2 3 9611 9547 9532
2 2 9629 9532
2 3 9532 9473 9484
1 4 9584 9493 9383 9347
1 3 9584 9534 9533
2 5 9864 9758 9684 9559 9533
3 6 3343 3371 3540 3674 3752 3839
2 4 3496 3614 3752 3839
2 3 3496 3659 3738
2 5 3416 3541 3595 3701 3738
3 3 3416 3497 3563
2 2 3801 3738
2 5 3801 3738 3701 3753 3722
3 3 3722 3639 3563
3 4 3722 3841 3922 3962
3 5 3563 3615 3713 3812 3962
2 4 11219 11259 11297 11244
2 4 11219 11333 11419 11514
2 4 11061 11169 11149 11203
2 3 11061 11202 11310
2 3 11203 11311 11358
2 3 11244 11260 11310
2 5 11244 11297 11352 11423 11514
2 5 11244 11297 11411 11527 11678
2 3 11310 11372 11461
2 3 11358 11311 11279
1 4 11358 11462 11569 11629
2 5 11358 11381 11468 11481 11475
2 4 11279 11353 11391 11475
2 4 11514 11666 11801 11823
2 6 11678 11595 11508 11556 11498 11461
1 2 11678 11806
2 4 11629 11558 11481 11475
2 5 11629 11703 11755 11818 11892
2 4 12084 12011 11913 11823
2 7 12084 12092 12135 12113 12148 12134 12097
2 3 12084 12175 12289
2 4 11823 11801 11724 11754
2 7 11823 11817 11870 11924 11972 12047 12097
2 5 11754 11926 12012 12140 12213
1 3 11806 11889 11906
2 4 11906 11935 11890 11767
2 6 11767 11803 11773 11851 11902 11892
2 3 12289 12283 12213
2 4 12213 12238 12193 12163
3 2 12163 12179
2 7 12163 12214 12250 12276 12338 12434 12495
3 5 12179 12201 12215 12244 12309
2 4 12309 12227 12203 12216
1 3 12309 12296 12354
2 3 12216 12277 12354
3 4 12495 12577 12588 12626
3 3 12626 12648 12662
2 5 12354 12470 12538 12615 12662
1 3 12580 12599 12555
1 2 12580 12523
1 3 12555 12533 12523
1 5 12523 12611 12649 12716 12815
2 3 12710 12759 12771
1 4 12710 12780 12849 12902
2 3 12771 12827 12891
1 6 12891 12936 13014 13009 13008 13153
2 3 12891 12936 12997
2 7 12815 12828 12875 12892 12949 12981 12997
1 3 12902 13008 13153
2 5 13153 13008 13009 13014 12997
2 2 13247 13243
1 3 13247 13325 13365
2 3 13243 13214 13145
2 3 13401 13410 13365
2 3 13401 13470 13544
1 3 13365 13410 13544
1 3 13145 13209 13282
1 4 13282 13360 13397 13442
1 3 13544 13460 13442
