1 5366
1 5386
1 5089
1 5936
1 5656
1 5428
1 5700
1 6055
1 5619
1 6131
1 6510
1 6102
1 6440
1 6311
1 6356
1 6682
1 6635
1 6636
1 4051
1 4304
1 5762
1 5930
1 5582
1 5512
1 6050
1 5513
1 5948
1 5783
1 6067
1 5439
1 6455
1 6171
1 6208
1 6188
1 6727
1 6525
1 6418
1 7490
1 6829
1 7948
1 7407
1 7760
1 7871
1 8432
1 8392
1 4023
1 12046
1 12317
1 12479
1 12468
1 12501
1 12519
1 12579
1 12779
1 12730
1 12591
1 12722
1 12956
1 12820
1 12993
1 12994
1 13081
1 13875
1 13803
1 13825
1 13662
1 13926
1 14143
1 14017
1 14099
1 14094
1 14086
1 14243
1 14356
1 14206
1 14231
1 14336
1 14424
1 14338
1 14493
1 14479
1 14401
1 14363
1 14561
1 14488
1 14476
1 14590
1 14508
1 14553
1 14624
1 14633
1 14647
1 14686
1 14669
1 14697
1 14678
1 14761
1 14754
1 14776
1 14787
1 14792
1 12746
1 12855
1 12888
1 13156
1 13202
1 13099
1 13490
1 13235
1 13078
1 13769
1 13757
1 13601
1 13489
1 13652
1 13411
1 13373
1 13768
1 13831
1 13712
1 13602
1 13815
1 13816
1 13727
1 13868
1 13922
1 14127
1 14077
1 14141
1 14131
1 14069
1 13856
1 13957
1 14070
1 14330
1 14049
1 14290
1 14235
1 14237
1 14200
1 14212
1 14416
1 14403
1 14340
1 14294
1 14263
1 14358
1 14325
1 14288
1 14577
1 14584
1 14526
1 14543
1 14670
1 14587
1 14726
1 9320
1 2998
1 2895
1 2780
1 3074
1 2849
1 3225
1 7894
1 8229
1 8285
1 8125
1 8426
1 8501
1 8576
1 11885
1 2230
1 2325
1 10139
1 10223
1 10362
1 10436
1 10803
1 9665
1 9970
1 9747
1 9921
1 10119
1 9801
1 10074
1 7912
1 7791
1 7606
1 9242
1 12569
1 12621
1 12742
1 12838
1 12856
1 13086
1 13190
1 12927
1 13079
1 13211
1 13299
1 13225
1 13197
1 13390
1 13547
1 11225
1 11114
1 11348
1 11430
1 11875
1 11357
1 11662
1 11663
1 11708
1 11609
1 11800
1 11620
1 11744
1 11837
1 11611
1 11777
1 11956
1 12061
1 11869
1 11933
1 12058
1 12286
1 12103
1 12294
1 12232
1 12378
1 12167
1 12096
1 12132
1 12185
1 12315
1 12053
1 12288
1 12334
1 12178
1 12530
1 12424
1 12498
1 12426
1 12589
1 12544
1 12457
1 12491
1 12411
1 12513
1 12369
1 12682
1 12763
1 12510
1 12562
1 12714
1 12631
1 12594
1 12778
1 12609
1 12847
1 12795
1 13038
1 12783
1 12803
1 12700
1 12688
1 12925
1 12683
1 12979
1 12971
1 13094
1 13025
1 13174
1 13088
1 12923
1 12955
1 12984
1 13152
1 13054
1 13246
1 13421
1 13447
1 13213
1 13307
1 13362
1 13394
1 13221
1 13294
1 13422
1 13625
1 13565
1 13636
1 13509
1 13675
1 13450
1 13557
1 13643
1 13698
1 13612
1 13576
1 13849
1 13772
1 13732
1 13919
1 13734
1 13843
1 13748
1 13709
1 14039
1 13928
1 14130
1 13997
1 14321
1 14220
1 14149
1 14253
1 14373
1 9855
1 8563
1 7959
1 8749
1 8655
1 8310
1 8790
1 8791
1 8821
1 9351
1 9282
1 8969
1 9386
1 9955
1 11062
1 3963
1 3791
1 3978
1 4039
1 3885
1 13426
1 13648
1 13528
1 13781
1 13782
1 13802
1 10511
1 10372
1 10843
1 10844
1 10681
1 10748
1 10709
1 10597
1 10892
1 11069
1 11115
1 11076
1 10911
1 9846
1 9743
1 9872
1 10195
1 10006
1 10007
1 10098
1 9887
1 3
1 34
1 50
1 28
1 60
1 98
1 100
1 131
1 224
1 270
1 59
1 67
1 302
1 254
1 214
1 271
1 378
1 169
1 539
1 640
1 474
1 475
1 331
1 448
1 536
1 552
1 701
1 844
1 1031
1 908
1 912
1 913
1 916
1 918
1 696
1 930
1 1433
1 1324
1 1074
1 1360
1 1193
1 1012
1 1119
1 1093
1 1063
1 1212
1 2510
1 1118
1 1776
1 1383
1 1416
1 1811
1 1687
1 2535
1 2304
1 1610
1 2033
1 2362
1 2363
1 1784
1 2511
1 2044
1 1675
1 2006
1 2803
1 3071
1 1734
1 2226
1 2865
1 3413
1 3391
1 3101
1 3324
1 3697
1 10807
1 10400
1 11418
1 11340
1 11766
1 11507
1 11993
1 11772
1 11942
1 11983
1 8434
1 9166
1 8923
1 9374
1 9449
1 9804
1 9717
1 9492
1 9702
1 10194
1 9963
1 10054
1 9951
1 10184
1 10490
1 10386
1 10463
1 8100
1 8544
1 13224
1 13713
1 14071
1 14238
1 14473
1 14575
1 14538
1 14481
1 14630
1 14622
1 14698
1 14683
1 14712
1 14763
1 14794
1 10303
1 10498
1 10417
1 10634
1 10394
1 10663
1 10765
1 10867
1 10725
1 10811
1 10755
1 10877
1 10960
1 9933
1 10419
1 10886
1 10708
1 11021
1 11123
1 10965
1 11165
1 11086
1 11227
1 10092
1 10445
1 10352
1 10247
1 10197
1 10238
1 10906
1 10862
1 10697
1 10724
1 10925
1 10581
1 10777
1 11195
1 11079
1 11064
1 11121
1 10908
1 11065
1 11376
1 11288
1 11407
1 11214
1 11322
1 11356
1 11338
1 11274
1 11538
1 12692
1 10233
1 10351
1 9567
1 8483
1 8453
1 8506
1 8733
1 8888
1 5828
1 2404
1 2281
1 2453
1 2389
1 2484
1 2557
1 2566
1 2714
1 2584
1 2715
1 2693
1 1632
1 1949
1 2201
1 1996
1 2152
1 6
1 69
1 16
1 17
1 46
1 10
1 156
1 159
1 335
1 155
1 671
1 703
1 1137
1 1418
1 1346
1 10104
1 9529
1 8977
1 9121
1 11438
1 11521
1 11633
1 11751
1 11522
1 11592
1 11660
1 11501
1 11895
1 11873
1 11649
1 7231
1 6859
1 7160
1 6898
1 7084
1 7167
1 6929
1 7427
1 7566
1 7697
1 7676
1 7821
1 8106
1 8332
1 8417
1 8240
1 1046
1 1143
1 1264
1 1408
1 1362
1 1499
1 2059
1 1531
1 1708
1 1814
1 2239
1 1907
1 1909
1 2228
1 2060
1 14788
1 14795
1 9429
1 9483
1 9450
1 9692
1 9546
1 9897
1 9896
1 10158
1 10227
1 10069
1 10613
1 10244
1 10505
1 10236
1 10730
1 10921
1 10438
1 10768
1 11100
1 10880
1 13203
1 207
1 586
1 462
1 614
1 825
1 705
1 807
1 689
1 2262
1 2735
1 2749
1 2933
1 2600
1 2652
1 2629
1 2848
1 2725
1 2601
1 2974
1 2836
1 2580
1 2837
1 3432
1 2961
1 3612
1 3247
1 2991
1 3290
1 3092
1 3325
1 3040
1 3258
1 3855
1 3800
1 3719
1 3751
1 3811
1 9423
1 11226
1 13545
1 13592
1 14780
1 10776
1 11318
1 11409
1 11441
1 11616
1 11601
1 11540
1 11582
1 1724
1 1862
1 1737
1 1965
1 2232
1 2475
1 1976
1 2375
1 2496
1 2690
1 2704
1 2691
1 2805
1 2630
1 10201
1 10332
1 10961
1 10689
1 10802
1 10869
1 10933
1 10145
1 10108
1 10073
1 10360
1 10199
1 10262
1 10153
1 10654
1 9817
1 10063
1 11189
1 10022
1 4644
1 4613
1 4676
1 4511
1 4297
1 4938
1 5122
1 5827
1 9422
1 9615
1 9640
1 9603
1 9496
1 10820
1 10799
1 11155
1 11122
1 9114
1 9058
1 1789
1 2009
1 1922
1 9192
1 9999
1 9779
1 9724
1 9551
1 9491
1 3000
1 2782
1 2909
1 3033
1 2966
1 476
1 528
1 1760
1 1722
1 1933
1 5382
1 5504
1 6087
1 5765
1 5561
1 5832
1 6494
1 6664
1 6541
1 6411
1 6256
1 6555
1 6633
1 6678
1 6817
1 6876
1 6931
1 6758
1 6507
1 6784
1 3470
1 3395
1 3594
1 3396
1 3473
1 3291
1 3720
1 4100
1 4759
1 4000
1 4467
1 4380
1 5153
1 4802
1 9181
1 3910
1 4391
1 5093
1 5246
1 4967
1 6109
1 6021
1 5984
1 6038
1 5924
1 5510
1 5501
1 5775
1 5456
1 5435
1 6342
1 6497
1 6220
1 6150
1 7816
1 11078
1 11482
1 11198
1 11531
1 11504
1 11529
1 11670
1 11671
1 11697
1 11909
1 11328
1 9291
1 5311
1 5283
1 5922
1 5592
1 5734
1 5434
1 5867
1 5715
1 7184
1 8808
1 8941
1 8961
1 8876
1 9225
1 9366
1 9587
1 9602
1 6618
1 7229
1 6473
1 6539
1 6910
1 6696
1 7492
1 7648
1 7685
1 6925
1 7978
1 8026
1 7794
1 8105
1 9754
1 6270
1 10821
1 10998
1 3032
1 14225
1 2512
1 12741
1 13098
1 13004
1 12896
1 13229
1 13388
1 13298
1 13378
1 13106
1 13551
1 13680
1 13776
1 13829
1 10995
1 11192
1 10912
1 11101
1 10969
1 10905
1 11292
1 11281
1 11350
1 3765
1 11119
1 6613
1 6905
1 6888
1 6781
1 7336
1 7362
1 7363
1 7405
1 7406
1 7350
1 8091
1 8150
1 8250
1 7869
1 8362
1 8000
1 7922
1 7663
1 8659
1 8582
1 8602
1 8588
1 8985
1 8815
1 9118
1 8953
1 8774
1 8826
1 8992
1 9012
1 8906
1 9056
1 8613
1 8870
1 8795
1 8743
1 9158
1 9318
1 9290
1 9319
1 9057
1 9151
1 9329
1 10753
1 8777
1 8446
1 9015
1 9339
1 9425
1 9542
1 9870
1 9713
1 9626
1 10138
1 5677
1 2189
1 2488
1 2332
1 2480
1 2641
1 2424
1 2425
1 2861
1 2589
1 2534
1 3163
1 3629
1 3584
1 3408
1 3177
1 3178
1 3689
1 3529
1 6113
1 5761
1 6142
1 6660
1 6754
1 6334
1 6676
1 6250
1 6237
1 6187
1 5966
1 7003
1 7366
1 7683
1 7664
1 8238
1 12787
1 12798
1 12967
1 13020
1 13201
1 13339
1 13349
1 13767
1 13934
1 13836
1 8152
1 8785
1 8998
1 8281
1 9182
1 9251
1 9330
1 9446
1 9252
1 13454
1 12623
1 12887
1 13002
1 10978
1 11145
1 11427
1 11428
1 11138
1 11336
1 11589
1 11699
1 11495
1 11680
1 11552
1 11368
1 11626
1 11893
1 11855
1 12081
1 11843
1 12108
1 11937
1 11871
1 11798
1 12228
1 12292
1 12299
1 12156
1 12136
1 12312
1 12454
1 12455
1 12548
1 7345
1 7415
1 7445
1 7657
1 7535
1 7769
1 9911
1 9922
1 9987
1 9893
1 9995
1 9939
1 10019
1 9997
1 10690
1 10560
1 10396
1 10273
1 10472
1 10316
1 10192
1 10291
1 10225
1 10840
1 10738
1 10701
1 10885
1 10870
1 11000
1 10657
1 10489
1 10962
1 11067
1 11005
1 9816
1 9642
1 9929
1 9930
1 9890
1 8497
1 9100
1 9039
1 8946
1 9763
1 9618
1 9803
1 9794
1 9244
1 9820
1 20
1 147
1 152
1 250
1 558
1 621
1 883
1 714
1 679
1 935
1 823
1 890
1 11573
1 14621
1 14660
1 14717
1 14658
1 14744
1 14721
1 14750
1 14759
1 14760
1 7891
1 8178
1 8489
1 8381
1 9237
1 8894
1 6031
1 5447
1 6442
1 6683
1 6684
1 6326
1 6133
1 7088
1 6745
1 7149
1 7132
1 6840
1 7854
1 7467
1 7506
1 7284
1 8081
1 8036
1 10538
1 10420
1 13605
1 13391
1 13666
1 13687
1 13905
1 13947
1 14059
1 13927
1 13963
1 14060
1 5253
1 5104
1 5024
1 5304
1 5497
1 5143
1 6053
1 5766
1 5415
1 6016
1 5562
1 6101
1 6089
1 5711
1 5516
1 5712
1 5537
1 5809
1 5517
1 5900
1 6273
1 6274
1 6476
1 6656
1 6193
1 6681
1 6437
1 6901
1 6603
1 7169
1 6990
1 7294
1 7163
1 7545
1 7200
1 7086
1 9378
1 9624
1 9744
1 9696
1 9771
1 10061
1 10162
1 10181
1 10493
1 10913
1 10659
1 10587
1 10696
1 11844
1 11928
1 12301
1 12005
1 12102
1 12381
1 12195
1 12402
1 1677
1 1550
1 1763
1 1634
1 1711
1 1967
1 2214
1 1925
1 2252
1 2406
1 2012
1 2391
1 2233
1 1998
1 2317
1 2138
1 4853
1 4331
1 4871
1 2248
1 2710
1 2800
1 2608
1 2887
1 2815
1 2914
1 3263
1 3133
1 3285
1 3374
1 3375
1 3335
1 2983
1 3501
1 3567
1 3729
1 3846
1 4323
1 3477
1 4141
1 3664
1 4194
1 3785
1 3909
1 3744
1 3786
1 3777
1 4618
1 4245
1 4147
1 4288
1 4258
1 4218
1 4712
1 4322
1 4622
1 4409
1 4130
1 4637
1 4809
1 4272
1 4686
1 4352
1 4057
1 4764
1 4289
1 4633
1 4946
1 5108
1 5109
1 4903
1 5110
1 4843
1 4880
1 5042
1 5071
1 4807
1 5145
1 5111
1 4846
1 5353
1 5475
1 5299
1 5347
1 5814
1 5670
1 5348
1 5307
1 5639
1 6120
1 5815
1 5523
1 5954
1 6075
1 5644
1 6121
1 5905
1 5623
1 5886
1 5622
1 5746
1 6464
1 6949
1 6148
1 6595
1 6465
1 6446
1 6244
1 6640
1 6059
1 6137
1 6685
1 6564
1 6466
1 6735
1 6163
1 6777
1 6479
1 6608
1 7187
1 6625
1 6764
1 6281
1 7176
1 7219
1 7236
1 6998
1 6936
1 7205
1 7390
1 6649
1 7018
1 7123
1 6973
1 7019
1 6708
1 7333
1 7139
1 6778
1 7140
1 7378
1 7788
1 7578
1 7630
1 7511
1 7672
1 7551
1 7961
1 7896
1 7403
1 7530
1 7449
1 7611
1 7515
1 8038
1 8053
1 8072
1 7813
1 8179
1 7776
1 8144
1 8145
1 7778
1 8128
1 8116
1 8180
1 8041
1 8195
1 7921
1 8459
1 8388
1 8450
1 8782
1 8587
1 8610
1 8514
1 8340
1 8942
1 4623
1 4848
1 4275
1 4476
1 4195
1 4113
1 5045
1 4904
1 4882
1 11903
1 11555
1 11920
1 12088
1 12258
1 12248
1 12014
1 12209
1 12302
1 12377
1 12487
1 12540
1 12350
1 12705
1 12606
1 12712
1 12732
1 12871
1 12736
1 12756
1 12852
1 12793
1 12977
1 13092
1 13195
1 8080
1 6177
1 6776
1 6881
1 5851
1 6934
1 7344
1 7076
1 7767
1 7548
1 7568
1 7730
1 7430
1 7387
1 7714
1 7826
1 7785
1 7716
1 7939
1 7731
1 7828
1 7346
1 8275
1 7725
1 8200
1 7873
1 8003
1 7825
1 8004
1 8441
1 7982
1 7995
1 8018
1 8320
1 7958
1 8088
1 8291
1 8549
1 8475
1 8759
1 8851
1 8476
1 8586
1 8383
1 8353
1 8718
1 8458
1 8477
1 8627
1 8510
1 8371
1 8596
1 8294
1 8259
1 8948
1 8924
1 9264
1 8761
1 8748
1 9018
1 8909
1 8917
1 8960
1 8806
1 9069
1 9322
1 9457
1 9258
1 9451
1 9265
1 9357
1 9238
1 9187
1 9560
1 9917
1 9485
1 9673
1 9998
1 9899
1 10160
1 10216
1 9854
1 9839
1 10319
1 10492
1 10308
1 2879
1 2852
1 3034
1 3349
1 3016
1 3275
1 3055
1 3640
1 3170
1 3419
1 3380
1 3604
1 3056
1 3605
1 11696
1 13338
1 13289
1 13252
1 13469
1 13263
1 13694
1 13669
1 13702
1 13812
1 13750
1 13695
1 13809
1 13952
1 14109
1 14073
1 13950
1 13938
1 14126
1 13951
1 14145
1 13961
1 14115
1 14265
1 14135
1 14232
1 14270
1 14504
1 14491
1 14477
1 14385
1 14438
1 9815
1 6987
1 6816
1 7420
1 7589
1 7765
1 8066
1 7724
1 8255
1 8108
1 8014
1 8734
1 8590
1 8474
1 8373
1 8591
1 8770
1 9271
1 9074
1 8915
1 9168
1 9397
1 9643
1 9478
1 9541
1 9698
1 9856
1 9857
1 9080
1 8912
1 8996
1 9465
1 9117
1 9296
1 9417
1 9306
1 9217
1 9796
1 9797
1 9768
1 9536
1 9359
1 9574
1 9517
1 9812
1 10453
1 10723
1 11384
1 12373
1 12529
1 10497
1 10600
1 3721
1 10411
1 10516
1 10186
1 10399
1 10903
1 11084
1 10994
1 11240
1 11273
1 11229
1 11176
1 11437
1 65
1 97
1 27
1 22
1 32
1 101
1 243
1 80
1 95
1 105
1 138
1 261
1 74
1 333
1 203
1 119
1 154
1 300
1 247
1 452
1 315
1 231
1 244
1 90
1 167
1 294
1 357
1 362
1 213
1 717
1 457
1 436
1 683
1 562
1 386
1 305
1 516
1 650
1 424
1 221
1 293
1 646
1 353
1 509
1 802
1 895
1 866
1 812
1 747
1 602
1 569
1 466
1 570
1 833
1 534
1 574
1 834
1 522
1 546
1 1047
1 956
1 795
1 975
1 878
1 1110
1 1111
1 841
1 940
1 819
1 1090
1 1191
1 1125
1 850
1 1192
1 927
1 980
1 972
1 1080
1 767
1 1286
1 1184
1 1287
1 1448
1 1017
1 1395
1 885
1 1512
1 1215
1 1178
1 1378
1 1241
1 1296
1 1172
1 1307
1 1325
1 1226
1 1326
1 1327
1 1150
1 1480
1 1453
1 1243
1 1349
1 1351
1 1217
1 1301
1 1268
1 1211
1 1220
1 1072
1 1527
1 942
1 1600
1 1471
1 1522
1 1464
1 1712
1 1936
1 1690
1 1622
1 1699
1 1562
1 1766
1 1551
1 1914
1 1492
1 1915
1 1564
1 1716
1 1565
1 1794
1 1819
1 1595
1 1856
1 1608
1 1496
1 1664
1 1454
1 1956
1 1673
1 1403
1 1628
1 1992
1 1917
1 1405
1 1643
1 2408
1 2202
1 2327
1 2328
1 1873
1 2358
1 2065
1 2255
1 2089
1 2299
1 2066
1 2571
1 2004
1 2159
1 2344
1 2160
1 1954
1 1988
1 1769
1 1944
1 2068
1 2289
1 1958
1 1824
1 1959
1 2273
1 2290
1 1877
1 2931
1 2313
1 2656
1 2569
1 2516
1 2757
1 2588
1 3057
1 2438
1 3058
1 2694
1 2469
1 2769
1 2881
1 2409
1 2871
1 2634
1 3021
1 2454
1 2636
1 3160
1 2531
1 2774
1 2286
1 2638
1 2287
1 2720
1 2927
1 2238
1 2423
1 2247
1 2776
1 2301
1 2610
1 2544
1 3138
1 3173
1 3513
1 3421
1 3398
1 3515
1 3661
1 3463
1 2969
1 3678
1 3159
1 3094
1 2954
1 3296
1 3354
1 3242
1 3407
1 2817
1 3455
1 3677
1 4107
1 3783
1 4067
1 3902
1 3769
1 3903
1 3488
1 3437
1 3888
1 4566
1 4126
1 3794
1 3946
1 4016
1 3742
1 3849
1 4527
1 4254
1 4657
1 4471
1 4528
1 4678
1 4093
1 4708
1 4710
1 4681
1 4544
1 4317
1 4682
1 4318
1 4319
1 4449
1 4244
1 5087
1 5343
1 5194
1 4826
1 4895
1 5105
1 5213
1 4962
1 5040
1 3799
1 3824
1 3995
1 4265
1 3879
1 3880
1 4065
1 4085
1 4672
1 4414
1 4674
1 4050
1 4439
1 4183
1 4689
1 4251
1 4417
1 4782
1 4313
1 4142
1 5206
1 4888
1 5285
1 5119
1 5397
1 4854
1 5099
1 5317
1 5003
1 5207
1 5488
1 7489
1 11497
1 8967
1 8686
1 8675
1 8699
1 8859
1 9086
1 9805
1 9750
1 9399
1 9410
1 9785
1 9480
1 9683
1 9705
1 9523
1 10038
1 9924
1 10256
1 9783
1 10149
1 9787
1 9989
1 10373
1 10409
1 10327
1 10693
1 10531
1 10703
1 10450
1 10836
1 10977
1 10967
1 11160
1 10947
1 272
1 583
1 492
1 774
1 584
1 1001
1 876
1 1015
1 858
1 944
1 1355
1 1129
1 3105
1 2995
1 13983
1 12048
1 5829
1 5586
1 6051
1 5742
1 5764
1 5443
1 6271
1 10499
1 10834
1 13536
1 6739
1 6420
1 6899
1 10239
1 6099
1 5377
1 5968
1 5378
1 6336
1 6813
1 6254
1 4384
1 4237
1 4724
1 4541
1 4385
1 4645
1 4298
1 4561
1 4299
1 4525
1 4702
1 4371
1 4501
1 4647
1 4423
1 4728
1 4445
1 4485
1 4732
1 4956
1 5209
1 4875
1 5320
1 5237
1 4819
1 5138
1 4924
1 5360
1 5101
1 5295
1 5139
1 5423
1 4940
1 5297
1 5337
1 5086
1 5155
1 5301
1 5006
1 4857
1 5103
1 5239
1 4858
1 5157
1 5289
1 5023
1 5274
1 5401
1 12456
1 11603
1 11669
1 12019
1 11831
1 11917
1 11807
1 11908
1 11878
1 12239
1 12001
1 11989
1 12224
1 12188
1 12278
1 12385
1 12485
1 12371
1 12246
1 12534
1 12619
1 8213
1 11142
1 11463
1 11220
1 11469
1 11403
1 11570
1 11528
1 14388
1 14345
1 14348
1 14402
1 14494
1 14567
1 14540
1 201
1 146
1 160
1 185
1 718
1 595
1 906
1 754
1 694
1 1247
1 1151
1 1644
1 1879
1 1993
1 2874
1 2668
1 2917
1 3080
1 2680
1 3053
1 2746
1 3145
1 3389
1 2932
1 3635
1 3312
1 3289
1 3098
1 3505
1 3533
1 3573
1 3026
1 3711
1 3986
1 3911
1 3716
1 3648
1 3913
1 4018
1 4263
1 3988
1 3694
1 3695
1 3861
1 4231
1 4060
1 3874
1 3898
1 3377
1 4073
1 3899
1 3918
1 3876
1 3560
1 4012
1 3866
1 4516
1 4477
1 4549
1 4478
1 4300
1 4572
1 3990
1 4293
1 4816
1 4392
1 4083
1 4585
1 4586
1 4279
1 4281
1 4720
1 4294
1 4154
1 4587
1 4518
1 4592
1 4398
1 3919
1 4207
1 5227
1 4793
1 5596
1 5575
1 5132
1 4459
1 4830
1 4814
1 4654
1 5094
1 4742
1 5202
1 5218
1 4885
1 4886
1 4999
1 5373
1 4977
1 5117
1 5060
1 5334
1 5061
1 5051
1 5264
1 4909
1 5329
1 6166
1 6003
1 5925
1 5689
1 6221
1 5737
1 5483
1 5705
1 5487
1 5627
1 5962
1 5691
1 5530
1 5598
1 5987
1 5799
1 5556
1 6236
1 5577
1 5781
1 5945
1 5759
1 6112
1 5721
1 6182
1 6469
1 6600
1 6567
1 6233
1 6234
1 6521
1 6614
1 6552
1 6470
1 5986
1 6499
1 6652
1 6043
1 7025
1 6568
1 6048
1 6471
1 6828
1 6249
1 6725
1 6795
1 7239
1 7068
1 7129
1 7023
1 7179
1 6941
1 6981
1 7026
1 7728
1 7582
1 7947
1 8722
1 9162
1 9847
1 10043
1 10134
1 10661
1 10339
1 10413
1 10381
1 10284
1 10485
1 10266
1 10324
1 10261
1 10508
1 10546
1 10533
1 10705
1 10875
1 10771
1 11313
1 11002
1 8565
1 8567
1 8680
1 8705
1 9046
1 8952
1 8793
1 8835
1 9393
1 9770
1 9458
1 10173
1 9956
1 10321
1 12952
1 12851
1 9401
1 9332
1 9611
1 9629
1 9532
1 9484
1 9584
1 9347
1 9864
1 9533
1 3343
1 3496
1 3416
1 3839
1 3801
1 3738
1 3722
1 3563
1 3962
1 11219
1 11061
1 11203
1 11244
1 11310
1 11358
1 11279
1 11514
1 11678
1 11461
1 11629
1 11475
1 12084
1 11823
1 11754
1 11806
1 11906
1 11767
1 11892
1 12097
1 12289
1 12213
1 12163
1 12179
1 12309
1 12216
1 12495
1 12626
1 12354
1 12662
1 12580
1 12555
1 12523
1 12710
1 12771
1 12891
1 12815
1 12902
1 13153
1 12997
1 13247
1 13243
1 13401
1 13365
1 13145
1 13282
1 13544
1 13442
