1;3772.50;9.50;1579.50;large
2;3889.50;9.50;1358.50;large
3;3732.50;9.50;1333.50;large
4;3796.50;9.50;1259.50;large
5;3172.50;9.50;1455.50;large
6;2835.50;9.50;1330.50;large
7;2939.50;9.50;1360.50;large
8;3005.50;9.50;1286.50;large
9;2702.50;9.50;1215.50;large
10;2895.50;9.50;1171.50;large
11;2797.50;9.50;1580.50;large
12;3076.50;9.50;736.50;large
13;3076.50;9.50;620.50;large
14;3175.50;9.50;701.50;large
15;3130.50;9.50;648.50;large
16;1736.50;9.50;459.50;large
17;1872.50;9.50;602.50;large
18;1859.50;9.50;439.50;large
19;1957.50;9.50;502.50;large
20;1763.50;9.50;318.50;large
21;1789.50;9.50;315.50;large
22;1710.50;9.50;166.50;large
23;1653.50;9.50;99.50;large
24;4873.50;9.50;534.50;large
25;5047.50;9.50;637.50;large
26;4857.50;9.50;388.50;large
27;5031.50;9.50;434.50;large
28;4889.50;9.50;383.50;large
29;5115.50;9.50;405.50;large
30;1769.50;9.50;1142.50;large
31;3024.50;9.50;1572.50;large
32;3073.50;9.50;1691.50;large
33;3037.50;9.50;1562.50;large
34;4224.50;9.50;1291.50;large
35;4341.50;9.50;1284.50;large
36;3277.50;9.50;782.50;large
37;2841.50;9.50;1582.50;large
38;2860.50;9.50;1044.50;large
39;2811.50;9.50;1140.50;large
40;3600.50;9.50;1198.50;large
41;1020.50;9.50;2028.50;large
42;1508.50;9.50;1083.50;large
43;1778.50;9.50;842.50;large
44;1693.50;9.50;725.50;large
45;1986.50;9.50;700.50;large
46;1804.50;9.50;861.50;large
47;1927.50;9.50;874.50;large
48;1758.50;9.50;873.50;large
49;1949.50;9.50;762.50;large
50;1992.50;9.50;724.50;large
51;2136.50;9.50;687.50;large
52;2041.50;9.50;650.50;large
53;2100.50;9.50;689.50;large
54;4353.50;9.50;1222.50;large
55;4365.50;9.50;1039.50;large
56;4547.50;9.50;824.50;large
57;3182.50;9.50;1530.50;large
58;3139.50;9.50;513.50;large
59;3224.50;9.50;949.50;large
60;3082.50;9.50;1100.50;large
61;3178.50;9.50;942.50;large
62;3078.50;9.50;851.50;large
63;4451.50;9.50;1147.50;large
64;4442.50;9.50;1054.50;large
65;1400.50;9.50;2023.50;large
66;1679.50;9.50;1874.50;small
67;1077.50;9.50;1957.50;small
68;1265.50;9.50;1981.50;small
69;1174.50;9.50;1883.50;large
70;707.50;9.50;1913.50;large
71;905.50;9.50;1914.50;large
72;1734.50;9.50;1924.50;large
73;1647.50;9.50;1779.50;large
74;866.50;9.50;1720.50;large
75;1079.50;9.50;1715.50;large
76;1279.50;9.50;1680.50;large
77;1455.50;9.50;1521.50;large
78;1841.50;9.50;1648.50;small
79;1175.50;9.50;1600.50;large
80;1602.50;9.50;1668.50;large
81;1783.50;9.50;1593.50;small
82;4073.50;9.50;960.50;large
83;3029.50;9.50;874.50;large
84;3065.50;9.50;1208.50;large
85;3232.50;9.50;1156.50;large
86;4658.50;9.50;998.50;large
87;2692.50;9.50;940.50;large
88;2818.50;9.50;980.50;large
89;3003.50;9.50;963.50;large
90;1731.50;9.50;928.50;large
91;1544.50;9.50;990.50;large
92;1696.50;9.50;913.50;large
93;3555.50;9.50;500.50;large
94;3457.50;9.50;1359.50;large
95;3179.50;9.50;1621.50;large
96;2948.50;9.50;1727.50;large
97;2389.50;9.50;2024.50;large
98;3546.50;9.50;1135.50;large
99;1636.50;9.50;746.50;large
100;3142.50;9.50;1290.50;large
101;3219.50;9.50;1219.50;large
102;2746.50;9.50;1750.50;large
103;2768.50;9.50;1599.50;large
104;3364.50;9.50;1001.50;large
105;3551.50;9.50;929.50;large
106;3452.50;9.50;915.50;large
107;5436.50;9.50;160.50;large
108;3200.50;9.50;1934.50;large
109;3387.50;9.50;1819.50;large
110;4906.50;9.50;839.50;large
111;2651.50;9.50;1155.50;large
112;3206.50;9.50;1403.50;large
113;3560.50;9.50;1490.50;large
114;3418.50;9.50;1486.50;large
115;3471.50;9.50;1351.50;large
116;4967.50;9.50;1578.50;large
117;5033.50;9.50;1472.50;large
118;4861.50;9.50;1346.50;large
119;3466.50;9.50;873.50;large
120;353.50;9.50;891.50;small
121;3130.50;9.50;1263.50;large
122;3250.50;9.50;497.50;large
123;4314.50;9.50;939.50;large
124;4472.50;9.50;833.50;large
125;981.50;9.50;1443.50;large
126;1041.50;9.50;1283.50;large
127;1202.50;9.50;1296.50;large
128;1325.50;9.50;1120.50;large
129;4519.50;9.50;1694.50;large
130;4221.50;9.50;1433.50;large
131;4421.50;9.50;1526.50;large
132;4748.50;9.50;1671.50;large
133;2743.50;9.50;1339.50;large
134;3319.50;9.50;623.50;large
135;3351.50;9.50;548.50;large
136;4817.50;9.50;876.50;large
137;4699.50;9.50;730.50;large
138;4202.50;9.50;1409.50;large
139;2921.50;9.50;1155.50;large
140;3060.50;9.50;1902.50;large
141;55.50;9.50;184.50;small
142;3662.50;9.50;1178.50;large
143;4029.50;9.50;1400.50;large
144;3919.50;9.50;1244.50;large
145;3711.50;9.50;1363.50;large
146;3720.50;9.50;1552.50;large
147;3158.50;9.50;1742.50;large
148;2770.50;9.50;1490.50;large
149;4695.50;9.50;1604.50;large
150;4858.50;9.50;1708.50;large
151;4121.50;9.50;1786.50;large
152;4086.50;9.50;1545.50;large
153;4622.50;9.50;1550.50;large
154;4396.50;9.50;1353.50;large
155;4233.50;9.50;1397.50;large
156;4671.50;9.50;1374.50;large
157;4535.50;9.50;1425.50;large
158;4631.50;9.50;1268.50;large
159;4369.50;9.50;1288.50;large
160;4564.50;9.50;1250.50;large
161;4482.50;9.50;1233.50;large
162;4640.50;9.50;1225.50;large
163;4108.50;9.50;1156.50;large
164;4124.50;9.50;1146.50;large
165;3117.50;9.50;479.50;large
166;3151.50;9.50;379.50;large
167;3516.50;9.50;1300.50;large
168;3487.50;9.50;1194.50;large
169;3612.50;9.50;1163.50;large
170;3665.50;9.50;1973.50;large
171;4032.50;9.50;1941.50;large
172;4349.50;9.50;2014.50;small
173;4416.50;9.50;2030.50;small
174;4987.50;9.50;2023.50;small
175;4265.50;9.50;1990.50;large
176;4662.50;9.50;1971.50;large
177;4704.50;9.50;1964.50;small
178;5337.50;9.50;1835.50;large
179;3396.50;9.50;1903.50;large
180;4877.50;9.50;1924.50;large
181;5385.50;9.50;1843.50;large
182;5042.50;9.50;1877.50;large
183;4085.50;9.50;1779.50;large
184;4311.50;9.50;1832.50;large
185;3396.50;9.50;1798.50;large
186;3633.50;9.50;1778.50;large
187;3762.50;9.50;1649.50;large
188;3354.50;9.50;1671.50;large
189;3455.50;9.50;1636.50;large
190;3711.50;9.50;1575.50;large
191;3809.50;9.50;1633.50;large
192;5130.50;9.50;1556.50;small
193;3494.50;9.50;1584.50;large
194;3570.50;9.50;1616.50;large
195;3881.50;9.50;1560.50;large
196;3262.50;9.50;1189.50;large
197;3299.50;9.50;998.50;large
198;3329.50;9.50;841.50;large
199;1781.50;9.50;885.50;large
200;3377.50;9.50;1498.50;large
201;3358.50;9.50;682.50;large
202;3281.50;9.50;740.50;large
203;434.50;9.50;1929.50;large
204;950.50;9.50;1496.50;large
205;1491.50;9.50;1554.50;large
206;1220.50;9.50;1510.50;large
207;1272.50;9.50;1466.50;large
208;1574.50;9.50;1459.50;large
209;1357.50;9.50;1347.50;large
210;1487.50;9.50;1327.50;large
211;1523.50;9.50;1313.50;large
212;383.50;9.50;1164.50;small
213;3153.50;9.50;815.50;large
214;53.50;9.50;2002.50;small
215;627.50;9.50;2011.50;small
216;1192.50;9.50;1979.50;small
217;1309.50;9.50;2001.50;small
218;1361.50;9.50;2045.50;small
219;1638.50;9.50;2009.50;small
220;2779.50;9.50;2001.50;small
221;2925.50;9.50;2000.50;small
222;3443.50;9.50;2003.50;small
223;3998.50;9.50;2021.50;small
224;4841.50;9.50;2018.50;small
225;5573.50;9.50;2011.50;small
226;1862.50;9.50;1953.50;large
227;5042.50;9.50;2024.50;small
228;2850.50;9.50;1937.50;large
229;1581.50;9.50;1978.50;small
230;5097.50;9.50;1973.50;small
231;4113.50;9.50;1958.50;small
232;1520.50;9.50;1784.50;large
233;1552.50;9.50;1938.50;small
234;1511.50;9.50;1937.50;small
235;1331.50;9.50;1916.50;small
236;2322.50;9.50;1748.50;small
237;1143.50;9.50;1912.50;small
238;1288.50;9.50;1906.50;small
239;89.50;9.50;1890.50;small
240;299.50;9.50;1886.50;small
241;35.50;9.50;1796.50;small
242;1420.50;9.50;1872.50;small
243;2053.50;9.50;1704.50;small
244;2563.50;9.50;1662.50;small
245;5592.50;9.50;1750.50;small
246;1742.50;9.50;1841.50;small
247;5157.50;9.50;1657.50;large
248;304.50;9.50;1627.50;small
249;579.50;9.50;1640.50;small
250;2177.50;9.50;1610.50;small
251;709.50;9.50;1746.50;small
252;5429.50;9.50;1517.50;small
253;5521.50;9.50;1510.50;small
254;227.50;9.50;1541.50;small
255;2466.50;9.50;1641.50;small
256;1880.50;9.50;1688.50;small
257;2897.50;9.50;1680.50;small
258;2583.50;9.50;1573.50;large
259;5161.50;9.50;1494.50;large
260;1934.50;9.50;1439.50;large
261;766.50;9.50;1388.50;large
262;885.50;9.50;1618.50;small
263;266.50;9.50;1452.50;small
264;3400.50;9.50;1573.50;small
265;3615.50;9.50;1572.50;small
266;3319.50;9.50;1525.50;small
267;3099.50;9.50;1410.50;large
268;1853.50;9.50;1421.50;small
269;5369.50;9.50;1448.50;small
270;4918.50;9.50;1475.50;small
271;5585.50;9.50;1426.50;small
272;3259.50;9.50;1488.50;small
273;3280.50;9.50;1398.50;small
274;4762.50;9.50;1304.50;small
275;2258.50;9.50;1311.50;small
276;174.50;9.50;1421.50;small
277;5118.50;9.50;1293.50;small
278;2433.50;9.50;1323.50;small
279;1707.50;9.50;1273.50;large
280;1632.50;9.50;1407.50;small
281;4921.50;9.50;1393.50;small
282;866.50;9.50;1262.50;large
283;4880.50;9.50;1378.50;small
284;5594.50;9.50;1296.50;small
285;546.50;9.50;1312.50;small
286;1459.50;9.50;1264.50;large
287;3767.50;9.50;1139.50;small
288;1915.50;9.50;1225.50;large
289;3472.50;9.50;1110.50;small
290;2342.50;9.50;1273.50;small
291;3358.50;9.50;1300.50;small
292;4876.50;9.50;1173.50;large
293;844.50;9.50;1110.50;small
294;5448.50;9.50;1156.50;small
295;4954.50;9.50;1210.50;small
296;3804.50;9.50;1087.50;small
297;2448.50;9.50;1193.50;large
298;5091.50;9.50;1096.50;small
299;2092.50;9.50;1095.50;small
300;4198.50;9.50;1009.50;large
301;1594.50;9.50;1059.50;large
302;4605.50;9.50;1091.50;large
303;249.50;9.50;1013.50;small
304;1253.50;9.50;920.50;large
305;5593.50;9.50;940.50;small
306;3754.50;9.50;985.50;large
307;131.50;9.50;889.50;small
308;4149.50;9.50;863.50;small
309;5394.50;9.50;1011.50;small
310;1421.50;9.50;769.50;large
311;4315.50;9.50;766.50;large
312;4765.50;9.50;1045.50;small
313;574.50;9.50;772.50;small
314;3809.50;9.50;877.50;small
315;2218.50;9.50;980.50;small
316;1696.50;9.50;1013.50;small
317;2387.50;9.50;910.50;small
318;5094.50;9.50;959.50;large
319;976.50;9.50;707.50;small
320;2615.50;9.50;769.50;small
321;4995.50;9.50;890.50;large
322;2793.50;9.50;813.50;large
323;3679.50;9.50;902.50;large
324;5595.50;9.50;839.50;small
325;186.50;9.50;796.50;small
326;4714.50;9.50;658.50;large
327;1187.50;9.50;772.50;small
328;5296.50;9.50;837.50;large
329;2017.50;9.50;855.50;small
330;3900.50;9.50;728.50;small
331;4079.50;9.50;688.50;small
332;2776.50;9.50;644.50;small
333;1437.50;9.50;628.50;small
334;2334.50;9.50;561.50;small
335;3446.50;9.50;525.50;large
336;46.50;9.50;375.50;small
337;5549.50;9.50;536.50;small
338;4484.50;9.50;626.50;large
339;2586.50;9.50;409.50;small
340;5154.50;9.50;622.50;large
341;4222.50;9.50;581.50;small
342;5294.50;9.50;606.50;large
343;3979.50;9.50;652.50;small
344;710.50;9.50;374.50;small
345;1007.50;9.50;618.50;small
346;269.50;9.50;342.50;small
347;1292.50;9.50;350.50;small
348;4747.50;9.50;602.50;small
349;3795.50;9.50;382.50;large
350;5362.50;9.50;343.50;small
351;2969.50;9.50;339.50;small
352;4061.50;9.50;499.50;small
353;1499.50;9.50;505.50;small
354;2429.50;9.50;251.50;small
355;5570.50;9.50;471.50;small
356;2230.50;9.50;406.50;small
357;3491.50;9.50;359.50;small
358;4444.50;9.50;407.50;small
359;3876.50;9.50;342.50;small
360;4141.50;9.50;251.50;small
361;4457.50;9.50;216.50;small
362;2479.50;9.50;57.50;small
363;219.50;9.50;266.50;small
364;2018.50;9.50;389.50;small
365;4867.50;9.50;197.50;small
366;5285.50;9.50;249.50;small
367;4797.50;9.50;222.50;small
368;2054.50;9.50;253.50;small
369;1558.50;9.50;292.50;small
370;1007.50;9.50;48.50;small
371;3210.50;9.50;41.50;small
372;848.50;9.50;54.50;small
373;3047.50;9.50;68.50;small
374;649.50;9.50;45.50;small
375;3586.50;9.50;51.50;small
376;3745.50;9.50;177.50;small
377;1447.50;9.50;65.50;small
378;5516.50;9.50;48.50;small
379;2345.50;9.50;47.50;small
380;5230.50;9.50;66.50;small
381;4065.50;9.50;65.50;small
382;4441.50;9.50;122.50;small
383;2074.50;9.50;124.50;small
384;5144.50;9.50;41.50;small
385;4157.50;9.50;44.50;small
386;1931.50;9.50;25.50;large
387;4831.50;9.50;45.50;small
388;1651.50;9.50;69.50;small
389;1710.50;9.50;40.50;small
390;1699.50;9.50;46.50;small
